0
3.0
2.0
2.0
3.0
3.0
3.0
3.0
3.0
3.0
2.0
2.0
3.0
3.0
3.0
5.0
3.0
3.0
3.0
5.0
4.0
4.0
3.0
3.0
4.0
4.0
2.0
4.0
2.0
3.0
2.0
4.0
3.0
4.0
4.0
1.0
4.0
2.0
4.0
3.0
1.0
3.0
3.0
2.0
3.0
2.0
5.0
4.0
3.0
3.0
3.0
2.0
4.0
3.0
3.0
3.0
3.0
2.0
1.0
3.0
3.0
3.0
3.0
3.0
3.0
4.0
2.0
3.0
4.0
3.0
4.0
2.0
2.0
1.0
4.0
8.0
5.0
3.0
4.0
3.0
3.0
3.0
4.0
3.0
3.0
3.0
4.0
3.0
1.0
3.0
8.0
3.0
4.0
4.0
2.0
1.0
7.0
2.0
3.0
3.0
3.0
3.0
3.0
3.0
3.0
3.0
3.0
3.0
4.0
3.0
5.0
2.0
3.0
4.0
3.0
3.0
3.0
4.0
2.0
2.0
3.0
3.0
3.0
3.0
3.0
3.0
2.0
3.0
3.0
3.0
1.0
3.0
3.0
4.0
3.0
4.0
2.0
3.0
3.0
3.0
3.0
3.0
1.0
3.0
4.0
3.0
3.0
3.0
4.0
3.0
2.0
5.0
3.0
4.0
2.0
2.0
4.0
2.0
3.0
3.0
3.0
3.0
2.0
3.0
3.0
1.0
2.0
4.0
4.0
3.0
4.0
3.0
3.0
3.0
4.0
3.0
3.0
2.0
3.0
3.0
3.0
3.0
1.0
3.0
4.0
2.0
2.0
2.0
2.0
4.0
3.0
3.0
2.0
3.0
3.0
3.0
3.0
5.0
4.0
5.0
3.0
3.0
3.0
3.0
3.0
2.0
3.0
3.0
3.0
3.0
4.0
4.0
3.0
2.0
3.0
2.0
2.0
3.0
4.0
3.0
2.0
1.0
4.0
2.0
3.0
3.0
4.0
4.0
3.0
3.0
3.0
3.0
2.0
4.0
3.0
1.0
3.0
3.0
3.0
4.0
3.0
3.0
3.0
4.0
2.0
1.0
2.0
4.0
4.0
4.0
3.0
4.0
3.0
3.0
3.0
2.0
3.0
3.0
3.0
4.0
3.0
3.0
5.0
4.0
2.0
4.0
4.0
3.0
3.0
3.0
3.0
2.0
3.0
3.0
3.0
3.0
3.0
3.0
3.0
3.0
3.0
4.0
3.0
2.0
4.0
3.0
2.0
3.0
3.0
3.0
4.0
3.0
3.0
2.0
3.0
3.0
4.0
4.0
3.0
4.0
4.0
5.0
2.0
3.0
2.0
2.0
3.0
2.0
3.0
3.0
3.0
2.0
1.0
3.0
2.0
3.0
3.0
3.0
3.0
4.0
3.0
3.0
2.0
3.0
3.0
3.0
3.0
2.0
4.0
2.0
2.0
3.0
1.0
3.0
4.0
3.0
3.0
3.0
4.0
3.0
2.0
1.0
2.0
3.0
3.0
3.0
3.0
2.0
4.0
3.0
3.0
3.0
3.0
3.0
3.0
4.0
2.0
4.0
4.0
3.0
3.0
4.0
4.0
3.0
4.0
3.0
3.0
3.0
3.0
2.0
3.0
2.0
3.0
3.0
3.0
3.0
3.0
2.0
3.0
3.0
3.0
3.0
3.0
3.0
4.0
4.0
3.0
3.0
2.0
3.0
2.0
3.0
3.0
3.0
3.0
3.0
2.0
3.0
4.0
4.0
4.0
2.0
2.0
5.0
5.0
3.0
3.0
3.0
3.0
3.0
3.0
3.0
3.0
3.0
4.0
2.0
1.0
3.0
4.0
4.0
4.0
4.0
5.0
3.0
5.0
3.0
4.0
1.0
3.0
3.0
3.0
4.0
3.0
2.0
3.0
2.0
3.0
3.0
1.0
6.0
1.0
4.0
3.0
3.0
3.0
4.0
5.0
2.0
3.0
3.0
3.0
3.0
2.0
3.0
3.0
4.0
3.0
4.0
3.0
5.0
4.0
2.0
3.0
2.0
3.0
2.0
4.0
3.0
5.0
3.0
4.0
1.0
3.0
3.0
3.0
3.0
3.0
3.0
3.0
3.0
1.0
2.0
3.0
4.0
3.0
2.0
4.0
2.0
2.0
3.0
3.0
4.0
4.0
4.0
4.0
3.0
2.0
3.0
3.0
3.0
4.0
3.0
3.0
3.0
3.0
3.0
3.0
3.0
3.0
2.0
3.0
2.0
5.0
3.0
3.0
3.0
3.0
3.0
4.0
3.0
3.0
4.0
4.0
3.0
4.0
5.0
3.0
3.0
3.0
3.0
3.0
3.0
3.0
4.0
3.0
3.0
3.0
2.0
3.0
2.0
2.0
3.0
3.0
2.0
4.0
4.0
5.0
3.0
4.0
2.0
3.0
4.0
3.0
3.0
4.0
3.0
4.0
4.0
3.0
3.0
3.0
3.0
3.0
3.0
4.0
3.0
3.0
3.0
5.0
3.0
3.0
4.0
3.0
3.0
2.0
4.0
4.0
3.0
3.0
3.0
4.0
4.0
3.0
3.0
4.0
3.0
3.0
2.0
3.0
3.0
4.0
2.0
2.0
3.0
1.0
3.0
3.0
3.0
3.0
3.0
2.0
3.0
2.0
3.0
2.0
3.0
2.0
3.0
4.0
3.0
3.0
4.0
4.0
3.0
3.0
3.0
3.0
3.0
3.0
3.0
4.0
2.0
3.0
3.0
2.0
3.0
3.0
4.0
3.0
3.0
4.0
4.0
3.0
3.0
2.0
3.0
2.0
1.0
3.0
3.0
2.0
3.0
3.0
4.0
3.0
4.0
3.0
2.0
3.0
3.0
3.0
2.0
5.0
3.0
2.0
3.0
3.0
3.0
2.0
3.0
5.0
4.0
3.0
2.0
4.0
1.0
3.0
3.0
5.0
3.0
8.0
5.0
3.0
4.0
2.0
2.0
4.0
3.0
3.0
5.0
3.0
2.0
4.0
4.0
3.0
3.0
1.0
3.0
3.0
3.0
3.0
3.0
4.0
4.0
2.0
2.0
3.0
2.0
3.0
3.0
5.0
3.0
4.0
3.0
3.0
2.0
5.0
4.0
3.0
2.0
3.0
2.0
2.0
3.0
2.0
3.0
2.0
4.0
3.0
3.0
4.0
4.0
3.0
3.0
5.0
3.0
3.0
2.0
4.0
4.0
4.0
3.0
3.0
1.0
3.0
3.0
3.0
3.0
4.0
4.0
2.0
3.0
3.0
2.0
4.0
4.0
2.0
3.0
3.0
3.0
4.0
3.0
3.0
3.0
3.0
1.0
3.0
4.0
4.0
3.0
3.0
3.0
2.0
3.0
3.0
4.0
3.0
4.0
1.0
3.0
3.0
3.0
4.0
2.0
3.0
2.0
3.0
3.0
4.0
4.0
2.0
3.0
3.0
3.0
3.0
4.0
3.0
3.0
4.0
3.0
3.0
3.0
3.0
1.0
3.0
2.0
3.0
4.0
4.0
4.0
3.0
3.0
3.0
3.0
3.0
2.0
3.0
3.0
2.0
1.0
1.0
3.0
5.0
3.0
3.0
3.0
3.0
2.0
5.0
3.0
3.0
4.0
2.0
5.0
4.0
3.0
3.0
3.0
4.0
4.0
4.0
3.0
3.0
3.0
4.0
3.0
3.0
3.0
3.0
3.0
3.0
3.0
3.0
5.0
3.0
4.0
3.0
1.0
4.0
3.0
2.0
4.0
3.0
4.0
4.0
3.0
5.0
3.0
3.0
2.0
6.0
3.0
2.0
4.0
4.0
3.0
4.0
3.0
2.0
2.0
4.0
3.0
3.0
4.0
3.0
2.0
3.0
2.0
3.0
3.0
3.0
3.0
4.0
4.0
4.0
3.0
1.0
2.0
3.0
3.0
2.0
3.0
3.0
3.0
3.0
4.0
3.0
1.0
3.0
4.0
3.0
3.0
1.0
3.0
3.0
3.0
3.0
3.0
3.0
3.0
3.0
4.0
3.0
5.0
2.0
2.0
4.0
3.0
2.0
5.0
5.0
4.0
4.0
3.0
4.0
1.0
4.0
3.0
3.0
4.0
3.0
3.0
3.0
3.0
5.0
4.0
4.0
3.0
3.0
3.0
3.0
3.0
2.0
2.0
3.0
5.0
4.0
1.0
3.0
4.0
3.0
4.0
4.0
4.0
3.0
3.0
3.0
2.0
2.0
3.0
3.0
3.0
3.0
1.0
4.0
4.0
2.0
3.0
3.0
3.0
4.0
1.0
3.0
3.0
3.0
5.0
3.0
2.0
3.0
3.0
2.0
4.0
4.0
3.0
4.0
2.0
5.0
4.0
3.0
3.0
3.0
2.0
3.0
2.0
6.0
3.0
2.0
3.0
3.0
3.0
3.0
2.0
3.0
3.0
3.0
3.0
3.0
3.0
4.0
4.0
3.0
3.0
4.0
3.0
2.0
3.0
3.0
3.0
2.0
5.0
4.0
2.0
3.0
2.0
3.0
4.0
3.0
3.0
3.0
2.0
3.0
3.0
5.0
3.0
3.0
3.0
3.0
3.0
4.0
4.0
5.0
3.0
3.0
3.0
4.0
3.0
5.0
3.0
3.0
3.0
3.0
3.0
3.0
2.0
2.0
3.0
3.0
4.0
3.0
3.0
3.0
3.0
3.0
1.0
4.0
1.0
3.0
3.0
3.0
3.0
4.0
3.0
3.0
3.0
4.0
3.0
2.0
3.0
3.0
3.0
2.0
4.0
3.0
3.0
3.0
3.0
3.0
3.0
3.0
3.0
4.0
2.0
3.0
5.0
2.0
3.0
3.0
3.0
4.0
2.0
2.0
3.0
4.0
3.0
2.0
3.0
3.0
3.0
6.0
3.0
4.0
3.0
3.0
3.0
3.0
3.0
4.0
3.0
2.0
2.0
4.0
3.0
4.0
3.0
5.0
3.0
4.0
3.0
3.0
2.0
3.0
1.0
3.0
4.0
3.0
2.0
3.0
3.0
3.0
4.0
3.0
2.0
3.0
3.0
3.0
2.0
3.0
3.0
3.0
2.0
4.0
3.0
3.0
3.0
3.0
4.0
3.0
1.0
3.0
3.0
3.0
3.0
4.0
4.0
3.0
5.0
2.0
2.0
2.0
4.0
4.0
3.0
1.0
3.0
3.0
3.0
3.0
4.0
2.0
3.0
4.0
4.0
2.0
2.0
4.0
2.0
3.0
4.0
2.0
3.0
4.0
3.0
4.0
2.0
4.0
1.0
3.0
2.0
4.0
3.0
4.0
4.0
3.0
2.0
3.0
2.0
4.0
3.0
5.0
3.0
5.0
3.0
3.0
3.0
3.0
3.0
3.0
2.0
3.0
3.0
3.0
3.0
3.0
3.0
3.0
3.0
3.0
3.0
3.0
3.0
3.0
3.0
4.0
3.0
3.0
3.0
4.0
3.0
2.0
3.0
3.0
3.0
3.0
2.0
3.0
2.0
3.0
5.0
3.0
4.0
3.0
4.0
3.0
3.0
5.0
3.0
4.0
3.0
3.0
3.0
2.0
5.0
2.0
3.0
3.0
4.0
3.0
1.0
4.0
3.0
2.0
4.0
4.0
3.0
2.0
3.0
3.0
2.0
4.0
3.0
3.0
3.0
3.0
3.0
3.0
5.0
3.0
2.0
3.0
2.0
2.0
2.0
3.0
3.0
3.0
3.0
2.0
5.0
3.0
4.0
2.0
3.0
3.0
3.0
2.0
2.0
3.0
3.0
3.0
3.0
3.0
4.0
1.0
2.0
3.0
4.0
3.0
2.0
4.0
3.0
3.0
3.0
3.0
1.0
3.0
4.0
1.0
2.0
4.0
5.0
1.0
2.0
3.0
2.0
3.0
2.0
3.0
3.0
4.0
3.0
3.0
5.0
3.0
2.0
3.0
1.0
2.0
2.0
4.0
2.0
4.0
4.0
5.0
3.0
3.0
1.0
2.0
3.0
3.0
4.0
3.0
3.0
4.0
2.0
4.0
5.0
3.0
3.0
3.0
3.0
3.0
3.0
4.0
2.0
3.0
2.0
2.0
3.0
4.0
2.0
3.0
2.0
3.0
3.0
4.0
2.0
3.0
3.0
3.0
3.0
3.0
4.0
3.0
3.0
3.0
4.0
4.0
3.0
5.0
3.0
3.0
2.0
3.0
3.0
3.0
2.0
4.0
3.0
3.0
4.0
3.0
4.0
3.0
4.0
2.0
4.0
2.0
3.0
3.0
2.0
2.0
1.0
2.0
3.0
3.0
3.0
4.0
2.0
3.0
3.0
4.0
3.0
3.0
3.0
4.0
4.0
3.0
3.0
3.0
3.0
4.0
2.0
3.0
3.0
2.0
3.0
3.0
3.0
3.0
4.0
3.0
2.0
2.0
2.0
2.0
3.0
4.0
2.0
3.0
3.0
3.0
5.0
2.0
4.0
3.0
6.0
4.0
5.0
2.0
3.0
3.0
4.0
3.0
2.0
3.0
1.0
3.0
3.0
1.0
3.0
3.0
2.0
3.0
3.0
4.0
3.0
3.0
3.0
4.0
3.0
3.0
2.0
4.0
3.0
3.0
3.0
3.0
2.0
3.0
3.0
3.0
3.0
3.0
4.0
3.0
4.0
2.0
3.0
3.0
2.0
3.0
3.0
1.0
5.0
3.0
2.0
3.0
3.0
3.0
4.0
3.0
3.0
5.0
4.0
2.0
3.0
3.0
3.0
3.0
3.0
4.0
3.0
3.0
3.0
2.0
3.0
3.0
3.0
4.0
3.0
3.0
3.0
3.0
2.0
3.0
3.0
3.0
2.0
3.0
4.0
3.0
3.0
3.0
3.0
2.0
3.0
5.0
2.0
3.0
3.0
3.0
3.0
4.0
3.0
3.0
3.0
2.0
4.0
4.0
3.0
5.0
2.0
3.0
3.0
2.0
4.0
4.0
2.0
4.0
2.0
4.0
2.0
4.0
5.0
3.0
3.0
3.0
3.0
3.0
2.0
3.0
4.0
3.0
3.0
3.0
3.0
3.0
2.0
3.0
3.0
1.0
4.0
3.0
3.0
4.0
3.0
4.0
3.0
4.0
3.0
3.0
4.0
3.0
3.0
5.0
4.0
2.0
3.0
4.0
3.0
4.0
4.0
3.0
3.0
3.0
3.0
2.0
4.0
5.0
2.0
3.0
3.0
3.0
4.0
5.0
3.0
4.0
3.0
3.0
3.0
3.0
3.0
4.0
3.0
3.0
3.0
3.0
3.0
2.0
4.0
4.0
5.0
3.0
3.0
3.0
4.0
3.0
3.0
3.0
1.0
4.0
3.0
4.0
3.0
2.0
3.0
1.0
1.0
3.0
2.0
4.0
2.0
3.0
4.0
3.0
4.0
3.0
3.0
3.0
2.0
2.0
3.0
3.0
3.0
3.0
3.0
3.0
5.0
2.0
3.0
2.0
3.0
4.0
2.0
3.0
4.0
1.0
2.0
3.0
4.0
4.0
4.0
3.0
2.0
3.0
3.0
3.0
3.0
2.0
4.0
3.0
3.0
3.0
3.0
4.0
4.0
1.0
3.0
5.0
4.0
4.0
3.0
3.0
3.0
3.0
3.0
3.0
3.0
3.0
2.0
3.0
4.0
3.0
2.0
2.0
3.0
3.0
3.0
2.0
3.0
3.0
3.0
4.0
3.0
4.0
4.0
1.0
3.0
5.0
1.0
2.0
3.0
4.0
4.0
5.0
3.0
3.0
3.0
4.0
3.0
3.0
3.0
4.0
3.0
3.0
3.0
4.0
1.0
3.0
5.0
4.0
3.0
3.0
2.0
3.0
3.0
4.0
3.0
3.0
3.0
6.0
3.0
3.0
2.0
2.0
3.0
2.0
5.0
3.0
3.0
3.0
3.0
4.0
2.0
3.0
3.0
3.0
1.0
3.0
3.0
3.0
3.0
3.0
3.0
3.0
3.0
4.0
4.0
4.0
2.0
3.0
3.0
3.0
3.0
3.0
5.0
3.0
3.0
3.0
4.0
4.0
3.0
3.0
3.0
1.0
3.0
3.0
3.0
2.0
2.0
2.0
3.0
3.0
4.0
4.0
3.0
4.0
3.0
4.0
2.0
4.0
3.0
3.0
4.0
3.0
3.0
3.0
2.0
2.0
3.0
3.0
3.0
4.0
3.0
4.0
3.0
4.0
3.0
3.0
4.0
3.0
1.0
3.0
4.0
2.0
4.0
3.0
3.0
3.0
3.0
2.0
3.0
3.0
2.0
3.0
2.0
4.0
3.0
5.0
3.0
2.0
3.0
2.0
3.0
3.0
2.0
3.0
2.0
3.0
4.0
4.0
3.0
4.0
3.0
5.0
3.0
3.0
3.0
3.0
2.0
3.0
2.0
3.0
3.0
2.0
3.0
3.0
4.0
6.0
4.0
3.0
3.0
2.0
3.0
3.0
3.0
3.0
2.0
3.0
5.0
3.0
3.0
4.0
4.0
3.0
4.0
3.0
3.0
2.0
4.0
3.0
3.0
3.0
3.0
3.0
5.0
3.0
3.0
3.0
2.0
3.0
3.0
3.0
2.0
3.0
3.0
3.0
4.0
3.0
4.0
3.0
2.0
3.0
4.0
3.0
4.0
6.0
4.0
3.0
2.0
3.0
3.0
4.0
1.0
3.0
3.0
4.0
4.0
3.0
2.0
3.0
2.0
3.0
3.0
4.0
3.0
3.0
2.0
2.0
3.0
3.0
3.0
5.0
3.0
3.0
4.0
2.0
2.0
3.0
2.0
4.0
3.0
3.0
3.0
4.0
3.0
4.0
3.0
3.0
3.0
3.0
3.0
5.0
4.0
3.0
3.0
3.0
3.0
2.0
2.0
3.0
3.0
3.0
3.0
6.0
3.0
2.0
2.0
3.0
4.0
3.0
3.0
2.0
4.0
3.0
2.0
3.0
4.0
4.0
3.0
2.0
2.0
3.0
3.0
3.0
2.0
3.0
3.0
4.0
4.0
3.0
3.0
3.0
4.0
4.0
2.0
3.0
3.0
2.0
3.0
3.0
2.0
3.0
3.0
3.0
2.0
3.0
3.0
3.0
3.0
4.0
4.0
3.0
2.0
2.0
2.0
4.0
4.0
3.0
5.0
3.0
3.0
2.0
3.0
4.0
3.0
3.0
3.0
4.0
4.0
1.0
4.0
3.0
3.0
2.0
3.0
2.0
4.0
3.0
3.0
3.0
3.0
3.0
3.0
2.0
3.0
3.0
3.0
3.0
3.0
3.0
3.0
3.0
3.0
5.0
3.0
4.0
3.0
2.0
3.0
3.0
3.0
3.0
3.0
4.0
3.0
4.0
2.0
3.0
5.0
3.0
4.0
4.0
2.0
3.0
3.0
2.0
4.0
3.0
4.0
3.0
2.0
3.0
3.0
3.0
4.0
3.0
3.0
4.0
5.0
3.0
4.0
2.0
2.0
4.0
3.0
5.0
3.0
3.0
3.0
4.0
1.0
2.0
4.0
3.0
3.0
3.0
4.0
3.0
3.0
3.0
2.0
3.0
3.0
3.0
2.0
4.0
3.0
3.0
3.0
2.0
4.0
3.0
2.0
3.0
3.0
4.0
4.0
3.0
4.0
3.0
3.0
3.0
4.0
3.0
3.0
4.0
4.0
3.0
4.0
4.0
2.0
3.0
4.0
2.0
5.0
3.0
5.0
3.0
1.0
3.0
3.0
4.0
5.0
3.0
3.0
4.0
3.0
3.0
3.0
3.0
4.0
3.0
4.0
1.0
3.0
3.0
2.0
2.0
4.0
5.0
2.0
4.0
5.0
3.0
4.0
3.0
3.0
3.0
4.0
3.0
3.0
5.0
3.0
3.0
3.0
4.0
5.0
3.0
3.0
5.0
2.0
2.0
3.0
3.0
3.0
3.0
4.0
3.0
4.0
3.0
1.0
4.0
4.0
3.0
3.0
3.0
3.0
3.0
4.0
3.0
3.0
3.0
3.0
4.0
3.0
2.0
3.0
3.0
4.0
3.0
1.0
3.0
4.0
3.0
4.0
3.0
3.0
3.0
3.0
3.0
4.0
4.0
4.0
4.0
2.0
4.0
2.0
4.0
3.0
3.0
1.0
3.0
3.0
3.0
4.0
4.0
2.0
3.0
3.0
2.0
3.0
3.0
3.0
2.0
2.0
3.0
3.0
1.0
4.0
3.0
1.0
4.0
3.0
3.0
3.0
3.0
3.0
3.0
2.0
3.0
4.0
4.0
2.0
4.0
3.0
2.0
3.0
2.0
5.0
3.0
3.0
3.0
4.0
2.0
4.0
3.0
3.0
3.0
2.0
3.0
3.0
2.0
4.0
3.0
5.0
3.0
3.0
2.0
3.0
2.0
3.0
3.0
3.0
5.0
3.0
6.0
3.0
2.0
3.0
4.0
5.0
3.0
3.0
6.0
4.0
3.0
1.0
3.0
4.0
3.0
2.0
3.0
1.0
4.0
1.0
4.0
3.0
5.0
5.0
3.0
2.0
3.0
3.0
5.0
2.0
3.0
3.0
4.0
3.0
3.0
3.0
3.0
3.0
4.0
4.0
3.0
2.0
3.0
3.0
3.0
3.0
3.0
3.0
4.0
1.0
2.0
3.0
3.0
3.0
3.0
1.0
4.0
3.0
2.0
3.0
3.0
5.0
3.0
3.0
3.0
2.0
3.0
4.0
3.0
4.0
3.0
3.0
4.0
3.0
3.0
3.0
3.0
3.0
4.0
5.0
3.0
3.0
3.0
3.0
4.0
3.0
3.0
5.0
2.0
4.0
2.0
3.0
1.0
3.0
1.0
3.0
3.0
4.0
2.0
3.0
4.0
3.0
4.0
3.0
3.0
3.0
2.0
3.0
4.0
3.0
2.0
2.0
3.0
2.0
3.0
2.0
3.0
4.0
3.0
2.0
3.0
4.0
2.0
3.0
3.0
3.0
3.0
4.0
4.0
2.0
4.0
3.0
3.0
3.0
2.0
3.0
3.0
4.0
2.0
3.0
3.0
3.0
2.0
4.0
3.0
3.0
3.0
2.0
3.0
4.0
4.0
3.0
3.0
2.0
2.0
1.0
3.0
3.0
3.0
3.0
3.0
2.0
3.0
2.0
3.0
3.0
2.0
3.0
2.0
3.0
3.0
3.0
3.0
5.0
3.0
3.0
3.0
2.0
3.0
2.0
3.0
4.0
3.0
3.0
3.0
3.0
4.0
4.0
3.0
4.0
4.0
2.0
2.0
3.0
3.0
3.0
3.0
3.0
2.0
3.0
2.0
2.0
3.0
3.0
5.0
3.0
2.0
3.0
3.0
4.0
2.0
3.0
2.0
5.0
3.0
2.0
3.0
3.0
3.0
3.0
3.0
3.0
4.0
3.0
3.0
5.0
3.0
3.0
3.0
3.0
3.0
3.0
3.0
3.0
4.0
3.0
3.0
3.0
4.0
3.0
2.0
3.0
3.0
3.0
4.0
3.0
3.0
5.0
2.0
5.0
3.0
4.0
4.0
3.0
3.0
3.0
3.0
3.0
4.0
3.0
3.0
3.0
4.0
3.0
3.0
3.0
3.0
3.0
3.0
3.0
3.0
3.0
3.0
3.0
3.0
4.0
3.0
3.0
4.0
3.0
3.0
3.0
4.0
3.0
3.0
4.0
3.0
3.0
2.0
3.0
3.0
3.0
2.0
3.0
3.0
4.0
3.0
4.0
4.0
3.0
3.0
3.0
3.0
3.0
4.0
3.0
3.0
3.0
2.0
5.0
3.0
2.0
3.0
4.0
2.0
4.0
3.0
2.0
3.0
3.0
3.0
4.0
4.0
3.0
3.0
3.0
4.0
4.0
4.0
4.0
3.0
5.0
4.0
4.0
3.0
2.0
3.0
3.0
3.0
3.0
3.0
3.0
3.0
3.0
3.0
0.0
4.0
3.0
2.0
4.0
2.0
3.0
4.0
3.0
3.0
3.0
3.0
3.0
3.0
4.0
3.0
3.0
4.0
3.0
3.0
9.0
3.0
4.0
3.0
4.0
4.0
3.0
3.0
3.0
3.0
2.0
2.0
3.0
3.0
4.0
2.0
1.0
3.0
3.0
3.0
3.0
2.0
3.0
5.0
3.0
2.0
2.0
4.0
2.0
1.0
2.0
3.0
3.0
3.0
3.0
3.0
3.0
3.0
3.0
4.0
5.0
5.0
4.0
3.0
4.0
2.0
4.0
2.0
2.0
3.0
5.0
3.0
1.0
3.0
4.0
4.0
3.0
3.0
3.0
4.0
3.0
3.0
3.0
2.0
2.0
4.0
3.0
3.0
2.0
2.0
3.0
3.0
3.0
1.0
3.0
2.0
2.0
3.0
3.0
4.0
2.0
3.0
1.0
3.0
2.0
2.0
4.0
3.0
3.0
3.0
4.0
1.0
2.0
3.0
3.0
3.0
3.0
4.0
4.0
3.0
1.0
3.0
3.0
2.0
6.0
3.0
3.0
3.0
2.0
2.0
3.0
3.0
4.0
3.0
3.0
3.0
3.0
3.0
2.0
2.0
3.0
4.0
3.0
4.0
3.0
1.0
2.0
2.0
3.0
3.0
3.0
3.0
2.0
1.0
2.0
5.0
3.0
4.0
3.0
5.0
4.0
3.0
3.0
3.0
5.0
1.0
5.0
5.0
3.0
3.0
3.0
3.0
3.0
2.0
3.0
3.0
3.0
3.0
3.0
3.0
3.0
4.0
4.0
3.0
2.0
3.0
20.0
4.0
4.0
4.0
3.0
3.0
3.0
3.0
2.0
4.0
5.0
3.0
3.0
4.0
3.0
3.0
3.0
1.0
4.0
2.0
4.0
3.0
3.0
4.0
4.0
3.0
3.0
4.0
3.0
4.0
3.0
4.0
3.0
3.0
3.0
2.0
2.0
4.0
3.0
3.0
3.0
6.0
4.0
3.0
3.0
3.0
4.0
1.0
3.0
3.0
2.0
3.0
3.0
4.0
4.0
4.0
3.0
4.0
3.0
3.0
3.0
3.0
3.0
3.0
3.0
3.0
1.0
3.0
2.0
3.0
4.0
3.0
3.0
2.0
3.0
4.0
4.0
3.0
4.0
2.0
5.0
3.0
3.0
5.0
3.0
3.0
4.0
2.0
2.0
3.0
3.0
3.0
3.0
3.0
3.0
3.0
3.0
3.0
2.0
3.0
4.0
5.0
3.0
3.0
2.0
3.0
3.0
3.0
4.0
3.0
1.0
2.0
2.0
3.0
3.0
3.0
4.0
2.0
3.0
3.0
2.0
4.0
2.0
3.0
3.0
3.0
4.0
4.0
1.0
1.0
3.0
3.0
3.0
3.0
3.0
3.0
3.0
2.0
3.0
4.0
2.0
3.0
3.0
3.0
4.0
4.0
3.0
3.0
3.0
4.0
5.0
2.0
4.0
2.0
3.0
2.0
5.0
3.0
2.0
3.0
4.0
4.0
3.0
3.0
3.0
2.0
3.0
2.0
3.0
2.0
4.0
3.0
3.0
3.0
3.0
4.0
3.0
3.0
5.0
3.0
2.0
3.0
1.0
3.0
4.0
3.0
2.0
2.0
3.0
3.0
3.0
3.0
3.0
2.0
4.0
3.0
4.0
4.0
4.0
3.0
2.0
5.0
3.0
3.0
3.0
4.0
4.0
3.0
3.0
3.0
3.0
3.0
4.0
3.0
3.0
3.0
3.0
3.0
4.0
3.0
3.0
3.0
3.0
3.0
3.0
3.0
3.0
2.0
3.0
2.0
2.0
4.0
3.0
3.0
5.0
3.0
4.0
2.0
3.0
3.0
30.0
5.0
3.0
2.0
3.0
4.0
6.0
3.0
3.0
2.0
4.0
3.0
3.0
2.0
3.0
3.0
3.0
4.0
3.0
2.0
3.0
4.0
3.0
2.0
2.0
3.0
3.0
2.0
6.0
2.0
3.0
3.0
3.0
4.0
3.0
4.0
4.0
3.0
3.0
4.0
3.0
3.0
3.0
3.0
4.0
2.0
3.0
3.0
3.0
2.0
3.0
2.0
3.0
3.0
3.0
3.0
3.0
2.0
3.0
3.0
3.0
2.0
4.0
4.0
3.0
2.0
3.0
3.0
3.0
3.0
3.0
2.0
2.0
3.0
3.0
3.0
3.0
4.0
3.0
3.0
3.0
3.0
3.0
3.0
4.0
3.0
3.0
3.0
3.0
3.0
3.0
4.0
4.0
4.0
3.0
2.0
5.0
5.0
3.0
3.0
3.0
3.0
3.0
3.0
4.0
4.0
3.0
1.0
4.0
3.0
3.0
3.0
3.0
2.0
3.0
4.0
4.0
2.0
2.0
3.0
2.0
2.0
2.0
3.0
3.0
2.0
3.0
1.0
2.0
4.0
3.0
2.0
4.0
5.0
5.0
2.0
4.0
3.0
3.0
3.0
3.0
2.0
3.0
3.0
2.0
3.0
4.0
3.0
3.0
3.0
2.0
2.0
2.0
3.0
3.0
1.0
3.0
3.0
3.0
4.0
3.0
4.0
3.0
3.0
3.0
4.0
4.0
5.0
3.0
3.0
3.0
5.0
3.0
3.0
3.0
3.0
2.0
3.0
3.0
2.0
3.0
2.0
2.0
2.0
3.0
3.0
3.0
3.0
3.0
3.0
3.0
3.0
4.0
2.0
3.0
2.0
5.0
3.0
4.0
3.0
3.0
4.0
3.0
3.0
4.0
3.0
3.0
2.0
3.0
3.0
3.0
3.0
3.0
3.0
4.0
2.0
4.0
3.0
3.0
3.0
3.0
3.0
3.0
3.0
4.0
3.0
3.0
3.0
4.0
3.0
3.0
2.0
3.0
4.0
3.0
3.0
4.0
4.0
3.0
3.0
5.0
3.0
5.0
1.0
3.0
3.0
3.0
3.0
3.0
3.0
3.0
2.0
3.0
3.0
5.0
3.0
3.0
3.0
2.0
2.0
3.0
3.0
4.0
2.0
3.0
5.0
4.0
4.0
4.0
4.0
3.0
3.0
4.0
3.0
4.0
2.0
3.0
3.0
2.0
3.0
2.0
3.0
3.0
3.0
3.0
3.0
2.0
4.0
3.0
2.0
1.0
3.0
2.0
3.0
1.0
3.0
3.0
3.0
7.0
3.0
4.0
3.0
4.0
3.0
3.0
3.0
3.0
3.0
4.0
3.0
3.0
5.0
3.0
4.0
2.0
3.0
4.0
3.0
4.0
2.0
3.0
3.0
2.0
4.0
4.0
2.0
1.0
3.0
4.0
3.0
5.0
3.0
3.0
2.0
3.0
4.0
3.0
3.0
3.0
2.0
3.0
3.0
3.0
3.0
2.0
3.0
3.0
2.0
3.0
4.0
3.0
2.0
3.0
3.0
3.0
3.0
4.0
3.0
3.0
4.0
3.0
4.0
3.0
3.0
1.0
3.0
2.0
3.0
3.0
4.0
3.0
3.0
2.0
4.0
3.0
4.0
3.0
6.0
4.0
1.0
4.0
3.0
4.0
5.0
3.0
3.0
3.0
3.0
3.0
3.0
4.0
3.0
3.0
4.0
3.0
4.0
4.0
4.0
2.0
3.0
3.0
2.0
3.0
3.0
4.0
4.0
1.0
3.0
4.0
2.0
3.0
2.0
5.0
3.0
3.0
3.0
3.0
3.0
4.0
3.0
5.0
2.0
3.0
3.0
1.0
2.0
4.0
3.0
1.0
1.0
3.0
4.0
3.0
3.0
3.0
4.0
1.0
3.0
2.0
3.0
3.0
3.0
3.0
3.0
2.0
3.0
3.0
3.0
4.0
3.0
1.0
2.0
5.0
1.0
2.0
3.0
3.0
3.0
5.0
4.0
2.0
3.0
3.0
3.0
1.0
3.0
4.0
1.0
4.0
3.0
4.0
3.0
4.0
3.0
3.0
3.0
5.0
2.0
3.0
3.0
4.0
3.0
1.0
3.0
2.0
4.0
4.0
3.0
4.0
2.0
4.0
3.0
3.0
3.0
3.0
3.0
5.0
3.0
1.0
4.0
4.0
4.0
3.0
4.0
3.0
3.0
3.0
3.0
4.0
3.0
4.0
2.0
4.0
3.0
4.0
4.0
2.0
3.0
3.0
3.0
3.0
4.0
2.0
3.0
2.0
3.0
2.0
2.0
4.0
3.0
2.0
3.0
3.0
5.0
4.0
3.0
3.0
3.0
3.0
2.0
6.0
4.0
3.0
3.0
3.0
4.0
3.0
2.0
4.0
3.0
2.0
3.0
2.0
4.0
3.0
3.0
3.0
3.0
3.0
3.0
3.0
2.0
3.0
2.0
3.0
3.0
2.0
3.0
2.0
3.0
3.0
2.0
3.0
4.0
4.0
3.0
3.0
2.0
5.0
4.0
3.0
3.0
2.0
3.0
2.0
3.0
1.0
3.0
4.0
4.0
4.0
4.0
3.0
3.0
3.0
2.0
4.0
3.0
3.0
3.0
2.0
3.0
4.0
3.0
3.0
4.0
3.0
3.0
2.0
3.0
2.0
1.0
3.0
4.0
4.0
4.0
3.0
4.0
2.0
3.0
3.0
3.0
2.0
4.0
2.0
3.0
2.0
3.0
2.0
3.0
4.0
3.0
3.0
3.0
4.0
1.0
3.0
3.0
3.0
3.0
3.0
3.0
3.0
3.0
2.0
2.0
3.0
4.0
6.0
2.0
2.0
3.0
4.0
3.0
3.0
3.0
4.0
3.0
3.0
3.0
3.0
3.0
3.0
2.0
3.0
3.0
4.0
2.0
3.0
3.0
3.0
3.0
3.0
3.0
3.0
3.0
3.0
3.0
2.0
4.0
3.0
4.0
4.0
3.0
3.0
1.0
3.0
3.0
3.0
3.0
2.0
3.0
5.0
3.0
4.0
2.0
3.0
3.0
3.0
4.0
3.0
3.0
2.0
3.0
2.0
3.0
3.0
3.0
3.0
4.0
3.0
4.0
3.0
3.0
4.0
2.0
2.0
3.0
3.0
2.0
3.0
2.0
3.0
3.0
3.0
3.0
3.0
3.0
3.0
4.0
3.0
3.0
4.0
3.0
4.0
3.0
4.0
5.0
4.0
3.0
3.0
5.0
3.0
2.0
4.0
3.0
5.0
3.0
2.0
3.0
4.0
3.0
3.0
3.0
3.0
3.0
3.0
3.0
4.0
4.0
3.0
3.0
2.0
3.0
3.0
5.0
3.0
3.0
1.0
1.0
4.0
3.0
4.0
3.0
3.0
7.0
2.0
4.0
3.0
3.0
3.0
3.0
4.0
2.0
2.0
4.0
2.0
4.0
3.0
2.0
2.0
4.0
2.0
3.0
1.0
4.0
4.0
3.0
4.0
6.0
3.0
4.0
3.0
3.0
3.0
3.0
3.0
2.0
5.0
4.0
3.0
3.0
2.0
3.0
2.0
4.0
3.0
4.0
3.0
2.0
2.0
4.0
3.0
3.0
5.0
1.0
3.0
3.0
1.0
3.0
4.0
3.0
3.0
3.0
3.0
3.0
3.0
3.0
3.0
4.0
3.0
2.0
3.0
4.0
3.0
3.0
3.0
3.0
3.0
3.0
3.0
3.0
3.0
2.0
2.0
2.0
4.0
4.0
3.0
3.0
3.0
3.0
3.0
4.0
3.0
4.0
3.0
3.0
2.0
3.0
1.0
2.0
2.0
3.0
4.0
5.0
3.0
3.0
5.0
3.0
3.0
3.0
3.0
4.0
3.0
3.0
3.0
3.0
4.0
2.0
3.0
3.0
3.0
2.0
2.0
3.0
2.0
3.0
2.0
4.0
2.0
7.0
4.0
3.0
2.0
3.0
2.0
3.0
4.0
3.0
2.0
2.0
3.0
3.0
3.0
3.0
3.0
4.0
3.0
3.0
4.0
2.0
5.0
3.0
4.0
2.0
4.0
2.0
5.0
3.0
2.0
3.0
3.0
3.0
3.0
3.0
3.0
4.0
5.0
3.0
2.0
3.0
2.0
3.0
3.0
3.0
2.0
3.0
3.0
2.0
3.0
3.0
3.0
3.0
3.0
3.0
3.0
3.0
8.0
3.0
3.0
4.0
1.0
4.0
4.0
4.0
3.0
3.0
4.0
4.0
3.0
3.0
2.0
3.0
2.0
3.0
2.0
4.0
3.0
3.0
5.0
3.0
2.0
3.0
3.0
3.0
3.0
3.0
3.0
3.0
4.0
2.0
3.0
3.0
4.0
4.0
3.0
3.0
4.0
3.0
3.0
1.0
3.0
3.0
4.0
3.0
3.0
3.0
5.0
4.0
3.0
4.0
3.0
1.0
1.0
3.0
3.0
3.0
3.0
4.0
3.0
4.0
3.0
4.0
3.0
3.0
2.0
3.0
3.0
5.0
4.0
1.0
4.0
1.0
3.0
3.0
3.0
0.0
4.0
3.0
4.0
3.0
2.0
2.0
3.0
4.0
3.0
4.0
3.0
2.0
3.0
2.0
2.0
3.0
3.0
2.0
4.0
4.0
3.0
3.0
4.0
5.0
4.0
3.0
3.0
3.0
4.0
1.0
3.0
2.0
2.0
4.0
3.0
3.0
3.0
4.0
5.0
3.0
6.0
2.0
3.0
3.0
4.0
3.0
5.0
3.0
3.0
2.0
3.0
4.0
3.0
3.0
3.0
4.0
2.0
4.0
1.0
4.0
3.0
2.0
4.0
3.0
5.0
4.0
3.0
3.0
3.0
2.0
3.0
2.0
2.0
3.0
3.0
3.0
4.0
4.0
3.0
2.0
4.0
3.0
4.0
3.0
5.0
3.0
3.0
3.0
2.0
3.0
2.0
3.0
3.0
3.0
4.0
2.0
2.0
3.0
2.0
3.0
3.0
3.0
3.0
3.0
3.0
3.0
3.0
1.0
3.0
3.0
3.0
6.0
3.0
3.0
3.0
3.0
5.0
2.0
2.0
2.0
3.0
3.0
4.0
3.0
3.0
2.0
3.0
2.0
3.0
2.0
3.0
2.0
4.0
3.0
2.0
2.0
3.0
3.0
2.0
3.0
3.0
3.0
4.0
3.0
3.0
3.0
3.0
3.0
2.0
3.0
3.0
3.0
3.0
4.0
3.0
3.0
4.0
2.0
3.0
2.0
4.0
3.0
2.0
2.0
3.0
4.0
3.0
3.0
3.0
2.0
3.0
3.0
3.0
4.0
3.0
3.0
2.0
3.0
3.0
2.0
4.0
2.0
3.0
3.0
2.0
3.0
4.0
4.0
4.0
3.0
3.0
3.0
2.0
2.0
3.0
3.0
3.0
2.0
3.0
3.0
4.0
5.0
4.0
4.0
3.0
4.0
4.0
4.0
5.0
3.0
4.0
3.0
3.0
3.0
3.0
1.0
3.0
2.0
3.0
3.0
3.0
2.0
3.0
2.0
2.0
4.0
3.0
3.0
3.0
3.0
3.0
3.0
3.0
4.0
3.0
3.0
4.0
3.0
3.0
3.0
5.0
3.0
3.0
3.0
2.0
3.0
3.0
3.0
2.0
5.0
3.0
3.0
3.0
1.0
3.0
3.0
2.0
3.0
4.0
1.0
3.0
2.0
3.0
3.0
3.0
4.0
3.0
2.0
2.0
3.0
4.0
3.0
3.0
3.0
3.0
3.0
3.0
2.0
5.0
5.0
1.0
2.0
3.0
5.0
3.0
3.0
4.0
3.0
2.0
4.0
4.0
3.0
3.0
4.0
3.0
3.0
3.0
3.0
4.0
4.0
2.0
3.0
4.0
3.0
3.0
3.0
3.0
3.0
3.0
3.0
3.0
3.0
3.0
3.0
3.0
4.0
4.0
3.0
5.0
4.0
3.0
3.0
2.0
3.0
3.0
2.0
2.0
5.0
2.0
3.0
4.0
2.0
3.0
3.0
3.0
2.0
3.0
4.0
3.0
3.0
3.0
3.0
3.0
4.0
2.0
3.0
3.0
3.0
2.0
3.0
3.0
4.0
3.0
3.0
4.0
2.0
3.0
4.0
3.0
3.0
3.0
3.0
3.0
2.0
3.0
4.0
5.0
3.0
3.0
3.0
3.0
3.0
3.0
3.0
4.0
2.0
3.0
3.0
3.0
2.0
3.0
3.0
3.0
3.0
3.0
3.0
3.0
4.0
2.0
3.0
3.0
4.0
4.0
3.0
3.0
3.0
4.0
4.0
3.0
1.0
3.0
2.0
3.0
3.0
2.0
3.0
3.0
4.0
3.0
3.0
4.0
3.0
3.0
3.0
3.0
3.0
3.0
3.0
2.0
4.0
2.0
3.0
5.0
2.0
3.0
2.0
4.0
4.0
3.0
5.0
3.0
3.0
3.0
6.0
2.0
4.0
3.0
3.0
3.0
4.0
3.0
3.0
5.0
3.0
4.0
1.0
3.0
3.0
4.0
3.0
4.0
5.0
3.0
4.0
3.0
2.0
2.0
4.0
3.0
3.0
2.0
2.0
2.0
4.0
3.0
2.0
3.0
4.0
3.0
4.0
1.0
3.0
3.0
2.0
5.0
3.0
5.0
5.0
2.0
2.0
4.0
3.0
2.0
4.0
2.0
3.0
2.0
3.0
3.0
4.0
3.0
5.0
3.0
3.0
3.0
4.0
3.0
3.0
2.0
4.0
3.0
3.0
2.0
4.0
3.0
2.0
3.0
3.0
3.0
3.0
4.0
2.0
2.0
3.0
3.0
3.0
3.0
3.0
3.0
4.0
3.0
3.0
5.0
3.0
4.0
3.0
5.0
3.0
3.0
4.0
4.0
3.0
3.0
4.0
2.0
3.0
3.0
5.0
3.0
3.0
3.0
3.0
1.0
2.0
4.0
3.0
3.0
1.0
2.0
4.0
3.0
3.0
3.0
3.0
4.0
3.0
4.0
3.0
3.0
4.0
3.0
4.0
3.0
2.0
3.0
3.0
4.0
4.0
2.0
2.0
3.0
4.0
3.0
2.0
3.0
3.0
3.0
2.0
3.0
3.0
3.0
2.0
3.0
4.0
3.0
2.0
2.0
2.0
3.0
2.0
3.0
2.0
6.0
4.0
3.0
3.0
3.0
2.0
4.0
3.0
4.0
3.0
2.0
5.0
2.0
2.0
2.0
3.0
3.0
3.0
3.0
3.0
3.0
2.0
3.0
3.0
3.0
4.0
5.0
4.0
3.0
3.0
2.0
5.0
3.0
3.0
3.0
2.0
3.0
3.0
3.0
3.0
3.0
2.0
3.0
3.0
3.0
9.0
4.0
3.0
2.0
3.0
5.0
2.0
3.0
3.0
3.0
5.0
2.0
4.0
2.0
3.0
3.0
4.0
2.0
3.0
3.0
3.0
4.0
4.0
3.0
4.0
1.0
3.0
3.0
3.0
3.0
2.0
4.0
4.0
3.0
3.0
3.0
5.0
1.0
4.0
5.0
2.0
3.0
4.0
3.0
2.0
3.0
5.0
3.0
2.0
2.0
3.0
3.0
3.0
3.0
3.0
3.0
4.0
3.0
3.0
4.0
3.0
3.0
3.0
4.0
3.0
3.0
3.0
3.0
2.0
3.0
3.0
2.0
3.0
2.0
4.0
2.0
2.0
3.0
3.0
3.0
3.0
4.0
4.0
4.0
3.0
3.0
2.0
2.0
3.0
3.0
4.0
3.0
3.0
3.0
3.0
1.0
2.0
3.0
3.0
2.0
3.0
3.0
4.0
4.0
3.0
3.0
3.0
5.0
3.0
3.0
4.0
3.0
4.0
3.0
4.0
2.0
3.0
3.0
3.0
4.0
2.0
1.0
3.0
4.0
2.0
4.0
3.0
3.0
3.0
3.0
2.0
2.0
2.0
4.0
2.0
4.0
3.0
3.0
2.0
5.0
3.0
2.0
3.0
2.0
4.0
3.0
3.0
5.0
3.0
3.0
3.0
3.0
3.0
3.0
3.0
2.0
5.0
3.0
3.0
3.0
3.0
4.0
3.0
4.0
3.0
4.0
3.0
3.0
3.0
4.0
3.0
6.0
2.0
2.0
3.0
5.0
4.0
2.0
3.0
4.0
3.0
4.0
3.0
3.0
3.0
5.0
3.0
2.0
3.0
4.0
3.0
3.0
3.0
3.0
3.0
3.0
3.0
2.0
3.0
3.0
3.0
3.0
4.0
4.0
4.0
5.0
2.0
1.0
4.0
6.0
2.0
3.0
3.0
1.0
4.0
3.0
2.0
3.0
3.0
1.0
4.0
4.0
2.0
3.0
3.0
2.0
3.0
3.0
4.0
4.0
3.0
4.0
2.0
4.0
1.0
3.0
3.0
3.0
3.0
3.0
3.0
3.0
2.0
3.0
3.0
3.0
3.0
4.0
3.0
3.0
3.0
3.0
3.0
2.0
4.0
3.0
4.0
3.0
4.0
3.0
3.0
2.0
3.0
2.0
3.0
1.0
4.0
3.0
3.0
3.0
3.0
3.0
3.0
4.0
2.0
3.0
3.0
3.0
3.0
3.0
2.0
4.0
3.0
4.0
3.0
3.0
3.0
3.0
3.0
3.0
3.0
2.0
2.0
2.0
3.0
4.0
3.0
3.0
2.0
3.0
3.0
2.0
3.0
3.0
3.0
3.0
3.0
3.0
5.0
2.0
3.0
3.0
3.0
3.0
3.0
4.0
4.0
3.0
3.0
3.0
4.0
4.0
3.0
4.0
3.0
3.0
3.0
2.0
3.0
2.0
3.0
4.0
2.0
3.0
2.0
3.0
3.0
3.0
3.0
3.0
2.0
3.0
3.0
3.0
3.0
2.0
3.0
3.0
5.0
4.0
2.0
4.0
3.0
3.0
3.0
1.0
3.0
3.0
3.0
4.0
3.0
3.0
5.0
4.0
2.0
3.0
3.0
3.0
3.0
3.0
3.0
3.0
4.0
4.0
2.0
4.0
3.0
4.0
3.0
4.0
4.0
4.0
2.0
2.0
3.0
4.0
4.0
3.0
2.0
4.0
3.0
3.0
3.0
3.0
4.0
5.0
3.0
4.0
4.0
3.0
3.0
2.0
3.0
2.0
3.0
4.0
3.0
2.0
3.0
1.0
4.0
3.0
3.0
3.0
3.0
2.0
2.0
4.0
3.0
1.0
2.0
4.0
3.0
3.0
5.0
3.0
4.0
4.0
2.0
2.0
3.0
3.0
3.0
2.0
3.0
3.0
3.0
3.0
3.0
4.0
3.0
2.0
3.0
2.0
4.0
4.0
2.0
3.0
5.0
4.0
2.0
2.0
3.0
1.0
3.0
4.0
4.0
3.0
3.0
3.0
3.0
2.0
2.0
5.0
3.0
3.0
3.0
4.0
4.0
4.0
4.0
3.0
2.0
3.0
4.0
3.0
2.0
3.0
2.0
3.0
3.0
3.0
3.0
2.0
3.0
3.0
2.0
4.0
3.0
3.0
3.0
3.0
3.0
3.0
3.0
3.0
1.0
2.0
3.0
4.0
2.0
1.0
3.0
3.0
3.0
2.0
2.0
3.0
3.0
3.0
3.0
2.0
2.0
3.0
3.0
3.0
2.0
5.0
3.0
3.0
3.0
2.0
4.0
3.0
2.0
4.0
3.0
8.0
3.0
4.0
3.0
3.0
2.0
2.0
3.0
3.0
4.0
5.0
3.0
1.0
2.0
4.0
4.0
3.0
2.0
3.0
3.0
3.0
2.0
3.0
3.0
4.0
3.0
4.0
4.0
3.0
3.0
3.0
3.0
2.0
3.0
3.0
3.0
3.0
4.0
3.0
2.0
3.0
3.0
3.0
3.0
2.0
3.0
5.0
3.0
4.0
3.0
3.0
5.0
3.0
2.0
2.0
4.0
2.0
4.0
3.0
3.0
3.0
4.0
4.0
3.0
4.0
3.0
3.0
3.0
3.0
3.0
3.0
3.0
3.0
3.0
3.0
6.0
2.0
3.0
3.0
2.0
3.0
3.0
3.0
3.0
3.0
5.0
4.0
3.0
3.0
3.0
4.0
2.0
3.0
3.0
2.0
4.0
3.0
3.0
4.0
3.0
3.0
3.0
1.0
3.0
3.0
3.0
2.0
3.0
4.0
3.0
2.0
3.0
4.0
3.0
3.0
3.0
3.0
3.0
4.0
3.0
4.0
3.0
3.0
3.0
2.0
4.0
4.0
3.0
3.0
2.0
3.0
2.0
2.0
3.0
3.0
2.0
3.0
4.0
3.0
3.0
3.0
3.0
3.0
2.0
3.0
2.0
3.0
3.0
3.0
3.0
5.0
4.0
3.0
4.0
2.0
3.0
4.0
4.0
3.0
1.0
3.0
2.0
3.0
6.0
3.0
5.0
3.0
2.0
3.0
3.0
4.0
2.0
3.0
4.0
3.0
4.0
2.0
5.0
4.0
4.0
5.0
4.0
3.0
3.0
3.0
4.0
5.0
4.0
2.0
4.0
3.0
4.0
3.0
2.0
3.0
3.0
4.0
3.0
4.0
3.0
2.0
3.0
4.0
3.0
3.0
4.0
3.0
3.0
3.0
4.0
2.0
3.0
3.0
3.0
3.0
3.0
3.0
7.0
3.0
3.0
3.0
3.0
3.0
5.0
4.0
3.0
3.0
3.0
3.0
5.0
3.0
5.0
3.0
5.0
3.0
2.0
3.0
3.0
3.0
3.0
4.0
3.0
4.0
5.0
3.0
3.0
3.0
3.0
10.0
5.0
3.0
4.0
2.0
4.0
3.0
4.0
3.0
4.0
3.0
4.0
3.0
3.0
3.0
4.0
3.0
3.0
3.0
4.0
3.0
3.0
3.0
4.0
5.0
3.0
5.0
2.0
3.0
3.0
3.0
3.0
3.0
4.0
1.0
2.0
3.0
3.0
2.0
3.0
3.0
3.0
3.0
3.0
3.0
4.0
3.0
3.0
3.0
2.0
4.0
3.0
6.0
3.0
3.0
3.0
2.0
3.0
3.0
4.0
3.0
3.0
2.0
3.0
3.0
3.0
4.0
2.0
3.0
3.0
3.0
2.0
2.0
2.0
4.0
3.0
6.0
2.0
2.0
2.0
3.0
3.0
3.0
3.0
6.0
2.0
3.0
3.0
3.0
3.0
3.0
3.0
3.0
4.0
3.0
2.0
3.0
3.0
3.0
3.0
3.0
2.0
3.0
3.0
3.0
2.0
6.0
5.0
5.0
2.0
3.0
3.0
4.0
3.0
4.0
3.0
3.0
3.0
3.0
2.0
2.0
3.0
4.0
3.0
4.0
3.0
3.0
3.0
2.0
3.0
3.0
4.0
3.0
3.0
3.0
3.0
4.0
3.0
3.0
3.0
3.0
3.0
4.0
3.0
2.0
2.0
4.0
3.0
3.0
2.0
1.0
4.0
3.0
5.0
2.0
2.0
3.0
2.0
3.0
3.0
3.0
3.0
3.0
3.0
3.0
3.0
2.0
3.0
3.0
3.0
3.0
3.0
4.0
5.0
3.0
4.0
5.0
4.0
3.0
3.0
1.0
4.0
3.0
3.0
3.0
2.0
3.0
2.0
4.0
3.0
3.0
3.0
3.0
3.0
4.0
3.0
4.0
4.0
4.0
3.0
4.0
4.0
3.0
2.0
3.0
4.0
5.0
3.0
3.0
3.0
2.0
3.0
2.0
3.0
3.0
3.0
3.0
3.0
3.0
3.0
5.0
3.0
3.0
2.0
3.0
2.0
4.0
3.0
3.0
3.0
3.0
3.0
3.0
3.0
2.0
2.0
2.0
4.0
4.0
2.0
3.0
2.0
3.0
3.0
3.0
3.0
1.0
3.0
3.0
3.0
4.0
3.0
3.0
3.0
3.0
3.0
2.0
5.0
3.0
3.0
3.0
4.0
2.0
3.0
3.0
1.0
2.0
3.0
4.0
3.0
2.0
3.0
5.0
2.0
3.0
3.0
3.0
4.0
2.0
4.0
3.0
3.0
3.0
3.0
4.0
4.0
3.0
3.0
3.0
4.0
3.0
3.0
2.0
5.0
3.0
2.0
2.0
3.0
3.0
4.0
4.0
3.0
2.0
3.0
2.0
3.0
3.0
3.0
3.0
4.0
3.0
4.0
4.0
3.0
4.0
2.0
2.0
2.0
3.0
3.0
3.0
3.0
4.0
4.0
4.0
3.0
3.0
3.0
4.0
3.0
3.0
4.0
3.0
3.0
4.0
3.0
5.0
3.0
2.0
3.0
3.0
2.0
3.0
2.0
4.0
3.0
2.0
2.0
3.0
3.0
4.0
3.0
5.0
4.0
3.0
2.0
3.0
3.0
1.0
1.0
4.0
4.0
2.0
3.0
3.0
3.0
5.0
3.0
2.0
3.0
3.0
3.0
3.0
3.0
3.0
3.0
3.0
5.0
2.0
4.0
2.0
5.0
3.0
4.0
3.0
3.0
2.0
2.0
3.0
3.0
3.0
2.0
3.0
5.0
3.0
3.0
3.0
3.0
3.0
3.0
2.0
3.0
3.0
3.0
3.0
4.0
5.0
2.0
3.0
1.0
5.0
3.0
3.0
2.0
3.0
3.0
3.0
2.0
3.0
2.0
3.0
3.0
3.0
3.0
3.0
3.0
3.0
4.0
3.0
3.0
3.0
3.0
3.0
3.0
5.0
3.0
3.0
2.0
3.0
3.0
4.0
3.0
3.0
3.0
4.0
3.0
2.0
3.0
3.0
3.0
3.0
3.0
4.0
3.0
3.0
2.0
4.0
3.0
3.0
4.0
4.0
3.0
3.0
3.0
3.0
3.0
3.0
3.0
3.0
4.0
3.0
5.0
3.0
3.0
3.0
4.0
3.0
2.0
5.0
2.0
5.0
3.0
3.0
4.0
2.0
3.0
4.0
3.0
4.0
3.0
3.0
4.0
3.0
3.0
2.0
3.0
3.0
3.0
3.0
3.0
3.0
3.0
2.0
5.0
3.0
2.0
2.0
3.0
3.0
3.0
4.0
3.0
5.0
2.0
2.0
3.0
3.0
3.0
4.0
3.0
2.0
2.0
3.0
3.0
3.0
5.0
3.0
3.0
4.0
3.0
4.0
3.0
3.0
3.0
3.0
3.0
3.0
4.0
3.0
3.0
4.0
3.0
1.0
2.0
3.0
4.0
3.0
3.0
4.0
3.0
3.0
3.0
4.0
2.0
4.0
2.0
4.0
4.0
3.0
4.0
1.0
3.0
3.0
3.0
3.0
3.0
4.0
1.0
3.0
3.0
2.0
3.0
4.0
2.0
5.0
2.0
2.0
2.0
3.0
3.0
3.0
3.0
4.0
3.0
3.0
3.0
3.0
3.0
3.0
2.0
5.0
3.0
3.0
2.0
3.0
3.0
3.0
3.0
3.0
3.0
4.0
5.0
2.0
4.0
3.0
3.0
4.0
3.0
3.0
3.0
5.0
3.0
3.0
3.0
3.0
3.0
3.0
3.0
5.0
3.0
3.0
3.0
3.0
3.0
3.0
3.0
3.0
2.0
2.0
5.0
3.0
3.0
3.0
3.0
3.0
3.0
2.0
3.0
3.0
2.0
3.0
3.0
1.0
4.0
3.0
4.0
3.0
3.0
3.0
3.0
2.0
4.0
3.0
4.0
3.0
2.0
3.0
2.0
3.0
3.0
3.0
3.0
3.0
3.0
2.0
4.0
3.0
3.0
3.0
3.0
4.0
3.0
2.0
4.0
1.0
3.0
3.0
3.0
4.0
3.0
3.0
3.0
3.0
3.0
5.0
4.0
4.0
1.0
3.0
4.0
1.0
3.0
2.0
2.0
5.0
3.0
3.0
5.0
2.0
4.0
3.0
1.0
4.0
2.0
3.0
3.0
3.0
4.0
4.0
3.0
3.0
2.0
4.0
2.0
2.0
2.0
3.0
3.0
3.0
3.0
3.0
3.0
3.0
1.0
3.0
3.0
3.0
3.0
3.0
2.0
1.0
2.0
3.0
2.0
5.0
3.0
3.0
3.0
3.0
5.0
4.0
3.0
3.0
3.0
2.0
3.0
4.0
3.0
3.0
3.0
3.0
4.0
3.0
4.0
2.0
2.0
4.0
3.0
2.0
3.0
3.0
5.0
4.0
3.0
4.0
4.0
3.0
3.0
2.0
3.0
3.0
4.0
2.0
3.0
3.0
3.0
3.0
3.0
3.0
3.0
3.0
2.0
4.0
4.0
3.0
3.0
4.0
3.0
3.0
2.0
3.0
2.0
4.0
3.0
3.0
2.0
4.0
3.0
3.0
3.0
3.0
3.0
3.0
3.0
2.0
5.0
3.0
3.0
3.0
3.0
1.0
3.0
3.0
4.0
4.0
3.0
5.0
3.0
3.0
4.0
2.0
3.0
3.0
2.0
4.0
4.0
3.0
3.0
3.0
5.0
3.0
4.0
3.0
2.0
4.0
2.0
3.0
2.0
3.0
3.0
3.0
4.0
5.0
3.0
4.0
2.0
2.0
4.0
3.0
3.0
4.0
3.0
3.0
3.0
4.0
3.0
2.0
4.0
2.0
4.0
2.0
3.0
3.0
4.0
5.0
3.0
4.0
3.0
3.0
3.0
3.0
3.0
3.0
3.0
1.0
4.0
2.0
4.0
3.0
2.0
4.0
3.0
3.0
3.0
3.0
3.0
3.0
2.0
3.0
1.0
3.0
3.0
3.0
3.0
4.0
4.0
4.0
4.0
4.0
3.0
2.0
2.0
3.0
5.0
3.0
3.0
3.0
5.0
2.0
2.0
2.0
3.0
2.0
4.0
3.0
2.0
3.0
2.0
3.0
3.0
3.0
4.0
4.0
2.0
3.0
4.0
3.0
3.0
4.0
3.0
2.0
3.0
4.0
3.0
3.0
3.0
3.0
3.0
5.0
3.0
4.0
3.0
3.0
3.0
3.0
3.0
4.0
3.0
3.0
4.0
5.0
2.0
4.0
3.0
2.0
2.0
3.0
3.0
4.0
3.0
4.0
3.0
2.0
4.0
3.0
3.0
2.0
4.0
3.0
3.0
3.0
3.0
3.0
2.0
3.0
3.0
2.0
2.0
2.0
3.0
3.0
3.0
1.0
3.0
3.0
3.0
3.0
4.0
3.0
3.0
3.0
3.0
1.0
3.0
2.0
3.0
3.0
4.0
2.0
1.0
5.0
3.0
4.0
3.0
5.0
3.0
3.0
3.0
3.0
4.0
4.0
3.0
2.0
3.0
2.0
4.0
2.0
3.0
4.0
3.0
3.0
3.0
4.0
1.0
2.0
3.0
3.0
5.0
3.0
2.0
3.0
2.0
2.0
3.0
5.0
5.0
5.0
3.0
3.0
3.0
3.0
4.0
3.0
3.0
3.0
3.0
3.0
2.0
2.0
4.0
3.0
2.0
3.0
2.0
4.0
3.0
4.0
3.0
3.0
3.0
3.0
3.0
3.0
2.0
4.0
1.0
3.0
3.0
3.0
4.0
3.0
3.0
3.0
3.0
3.0
3.0
2.0
3.0
5.0
4.0
3.0
3.0
3.0
3.0
1.0
3.0
2.0
3.0
3.0
3.0
3.0
4.0
3.0
2.0
3.0
3.0
4.0
3.0
3.0
3.0
4.0
3.0
3.0
3.0
4.0
2.0
3.0
3.0
2.0
3.0
3.0
2.0
2.0
2.0
3.0
3.0
2.0
2.0
3.0
3.0
3.0
3.0
3.0
3.0
3.0
4.0
3.0
3.0
4.0
3.0
3.0
4.0
3.0
3.0
3.0
3.0
3.0
2.0
3.0
3.0
3.0
3.0
3.0
3.0
3.0
2.0
5.0
3.0
4.0
2.0
3.0
2.0
3.0
4.0
3.0
3.0
2.0
4.0
5.0
3.0
3.0
3.0
4.0
3.0
3.0
2.0
2.0
4.0
4.0
3.0
3.0
3.0
3.0
4.0
3.0
3.0
3.0
2.0
3.0
3.0
3.0
3.0
3.0
3.0
3.0
2.0
3.0
2.0
3.0
2.0
3.0
3.0
2.0
3.0
2.0
3.0
2.0
3.0
3.0
3.0
3.0
3.0
2.0
3.0
4.0
3.0
3.0
3.0
3.0
3.0
3.0
2.0
2.0
4.0
2.0
4.0
5.0
3.0
2.0
2.0
4.0
3.0
3.0
3.0
3.0
2.0
3.0
4.0
3.0
3.0
3.0
5.0
2.0
3.0
3.0
2.0
2.0
3.0
3.0
3.0
5.0
3.0
3.0
2.0
3.0
3.0
3.0
5.0
3.0
3.0
3.0
3.0
2.0
3.0
4.0
3.0
2.0
3.0
4.0
2.0
3.0
4.0
2.0
3.0
3.0
4.0
5.0
5.0
3.0
4.0
2.0
3.0
2.0
3.0
3.0
3.0
3.0
2.0
4.0
3.0
1.0
3.0
1.0
3.0
3.0
2.0
3.0
4.0
3.0
3.0
3.0
3.0
3.0
3.0
3.0
2.0
2.0
3.0
3.0
4.0
3.0
1.0
3.0
6.0
1.0
3.0
3.0
3.0
3.0
3.0
2.0
2.0
3.0
3.0
3.0
2.0
2.0
4.0
4.0
3.0
3.0
4.0
3.0
3.0
3.0
2.0
5.0
3.0
3.0
3.0
3.0
3.0
3.0
3.0
3.0
4.0
3.0
3.0
4.0
4.0
3.0
4.0
3.0
3.0
3.0
3.0
3.0
3.0
4.0
3.0
4.0
3.0
2.0
4.0
4.0
3.0
1.0
2.0
3.0
2.0
2.0
4.0
3.0
3.0
2.0
3.0
2.0
3.0
3.0
3.0
2.0
2.0
3.0
3.0
3.0
3.0
3.0
3.0
2.0
2.0
2.0
3.0
3.0
3.0
3.0
2.0
3.0
2.0
3.0
3.0
3.0
3.0
3.0
3.0
4.0
4.0
5.0
3.0
3.0
4.0
4.0
2.0
3.0
4.0
3.0
3.0
4.0
3.0
3.0
3.0
4.0
3.0
3.0
3.0
3.0
2.0
3.0
3.0
2.0
3.0
3.0
3.0
1.0
3.0
5.0
2.0
3.0
3.0
3.0
3.0
3.0
5.0
4.0
3.0
3.0
3.0
2.0
3.0
5.0
3.0
3.0
3.0
2.0
3.0
3.0
2.0
4.0
4.0
3.0
3.0
3.0
3.0
3.0
4.0
3.0
3.0
3.0
3.0
5.0
2.0
3.0
3.0
5.0
3.0
4.0
3.0
3.0
4.0
4.0
4.0
3.0
2.0
6.0
2.0
3.0
3.0
3.0
3.0
3.0
3.0
3.0
3.0
3.0
3.0
3.0
2.0
3.0
2.0
4.0
2.0
1.0
4.0
3.0
4.0
3.0
3.0
2.0
3.0
5.0
3.0
5.0
3.0
2.0
3.0
2.0
4.0
3.0
3.0
4.0
2.0
4.0
4.0
4.0
3.0
4.0
3.0
3.0
4.0
5.0
3.0
4.0
3.0
3.0
3.0
5.0
3.0
2.0
3.0
3.0
3.0
3.0
4.0
2.0
3.0
3.0
2.0
3.0
4.0
3.0
4.0
3.0
4.0
1.0
3.0
3.0
3.0
5.0
4.0
1.0
3.0
3.0
2.0
5.0
3.0
4.0
3.0
4.0
3.0
3.0
3.0
3.0
2.0
3.0
3.0
2.0
3.0
3.0
1.0
5.0
2.0
2.0
2.0
4.0
2.0
3.0
2.0
3.0
3.0
5.0
4.0
4.0
3.0
3.0
5.0
3.0
3.0
3.0
2.0
3.0
3.0
3.0
2.0
2.0
3.0
4.0
3.0
4.0
2.0
4.0
3.0
3.0
3.0
3.0
3.0
3.0
3.0
3.0
3.0
4.0
3.0
3.0
2.0
3.0
3.0
3.0
3.0
3.0
3.0
3.0
2.0
3.0
3.0
1.0
3.0
3.0
3.0
1.0
3.0
3.0
2.0
3.0
4.0
4.0
3.0
3.0
3.0
5.0
5.0
3.0
4.0
3.0
2.0
3.0
3.0
4.0
4.0
4.0
4.0
2.0
3.0
3.0
4.0
3.0
3.0
3.0
2.0
3.0
1.0
4.0
3.0
3.0
4.0
3.0
2.0
2.0
3.0
4.0
2.0
3.0
3.0
4.0
4.0
5.0
3.0
2.0
3.0
2.0
5.0
3.0
3.0
3.0
2.0
4.0
3.0
3.0
5.0
3.0
3.0
2.0
4.0
3.0
4.0
3.0
3.0
2.0
4.0
3.0
1.0
4.0
2.0
2.0
5.0
3.0
4.0
2.0
3.0
3.0
4.0
3.0
3.0
5.0
4.0
3.0
2.0
2.0
4.0
3.0
5.0
3.0
4.0
3.0
4.0
4.0
4.0
3.0
4.0
2.0
4.0
4.0
3.0
3.0
2.0
3.0
3.0
3.0
3.0
3.0
2.0
3.0
3.0
3.0
2.0
3.0
3.0
3.0
3.0
4.0
3.0
3.0
5.0
2.0
2.0
3.0
4.0
2.0
2.0
3.0
5.0
4.0
3.0
4.0
1.0
4.0
3.0
3.0
3.0
3.0
4.0
3.0
2.0
2.0
3.0
3.0
3.0
3.0
3.0
3.0
3.0
3.0
3.0
3.0
2.0
3.0
3.0
3.0
1.0
3.0
3.0
3.0
3.0
5.0
3.0
3.0
3.0
4.0
3.0
3.0
4.0
2.0
3.0
4.0
3.0
4.0
3.0
3.0
2.0
6.0
2.0
3.0
3.0
4.0
3.0
3.0
5.0
4.0
2.0
3.0
3.0
2.0
3.0
3.0
3.0
3.0
3.0
3.0
3.0
3.0
1.0
4.0
3.0
3.0
3.0
3.0
3.0
5.0
2.0
3.0
3.0
3.0
3.0
3.0
3.0
2.0
3.0
3.0
3.0
3.0
5.0
3.0
2.0
3.0
3.0
3.0
2.0
5.0
3.0
3.0
2.0
4.0
3.0
3.0
2.0
3.0
3.0
3.0
3.0
4.0
3.0
3.0
3.0
3.0
3.0
3.0
3.0
3.0
3.0
3.0
3.0
3.0
3.0
3.0
3.0
4.0
3.0
2.0
4.0
3.0
3.0
3.0
2.0
5.0
3.0
2.0
2.0
3.0
4.0
4.0
3.0
3.0
3.0
2.0
3.0
3.0
3.0
3.0
4.0
5.0
4.0
3.0
3.0
3.0
1.0
3.0
3.0
4.0
3.0
2.0
3.0
3.0
5.0
3.0
3.0
3.0
2.0
3.0
3.0
2.0
3.0
3.0
3.0
4.0
4.0
3.0
3.0
2.0
2.0
2.0
3.0
3.0
4.0
3.0
4.0
5.0
3.0
3.0
2.0
4.0
1.0
4.0
3.0
3.0
4.0
2.0
4.0
3.0
3.0
3.0
3.0
4.0
3.0
3.0
3.0
3.0
3.0
4.0
3.0
3.0
3.0
3.0
2.0
2.0
4.0
4.0
3.0
6.0
3.0
3.0
2.0
4.0
2.0
3.0
3.0
3.0
5.0
4.0
3.0
3.0
3.0
3.0
2.0
1.0
3.0
3.0
1.0
3.0
3.0
2.0
3.0
3.0
4.0
3.0
2.0
1.0
4.0
3.0
3.0
3.0
3.0
3.0
4.0
3.0
4.0
4.0
4.0
3.0
3.0
2.0
2.0
5.0
4.0
3.0
3.0
4.0
3.0
3.0
3.0
2.0
1.0
3.0
3.0
3.0
3.0
2.0
4.0
3.0
2.0
3.0
3.0
3.0
3.0
4.0
3.0
3.0
3.0
3.0
3.0
4.0
3.0
4.0
4.0
2.0
3.0
3.0
3.0
3.0
6.0
4.0
4.0
3.0
2.0
3.0
2.0
4.0
3.0
3.0
2.0
3.0
4.0
3.0
4.0
2.0
3.0
5.0
2.0
3.0
4.0
3.0
3.0
3.0
2.0
3.0
3.0
2.0
3.0
3.0
3.0
4.0
3.0
3.0
2.0
3.0
3.0
3.0
3.0
3.0
2.0
3.0
2.0
2.0
3.0
3.0
2.0
3.0
2.0
3.0
3.0
3.0
3.0
3.0
3.0
3.0
3.0
3.0
3.0
3.0
3.0
3.0
2.0
3.0
4.0
3.0
3.0
3.0
3.0
4.0
3.0
3.0
3.0
3.0
3.0
3.0
3.0
2.0
3.0
3.0
3.0
4.0
4.0
2.0
3.0
2.0
3.0
3.0
3.0
4.0
3.0
3.0
3.0
3.0
3.0
4.0
3.0
3.0
3.0
4.0
3.0
3.0
1.0
4.0
3.0
3.0
3.0
3.0
4.0
3.0
3.0
3.0
2.0
4.0
4.0
2.0
3.0
3.0
2.0
3.0
4.0
5.0
2.0
3.0
2.0
4.0
3.0
2.0
2.0
3.0
2.0
1.0
4.0
3.0
3.0
3.0
3.0
3.0
4.0
3.0
4.0
3.0
5.0
3.0
4.0
3.0
3.0
3.0
2.0
2.0
3.0
2.0
4.0
5.0
3.0
3.0
3.0
3.0
2.0
3.0
3.0
4.0
3.0
3.0
3.0
3.0
2.0
2.0
3.0
2.0
1.0
3.0
4.0
3.0
3.0
3.0
3.0
3.0
3.0
4.0
1.0
3.0
1.0
4.0
3.0
3.0
3.0
4.0
3.0
2.0
3.0
1.0
3.0
2.0
3.0
3.0
3.0
3.0
3.0
3.0
3.0
3.0
4.0
3.0
2.0
2.0
3.0
3.0
2.0
2.0
3.0
2.0
3.0
4.0
4.0
3.0
2.0
4.0
4.0
5.0
3.0
2.0
3.0
4.0
3.0
3.0
3.0
3.0
1.0
4.0
3.0
3.0
1.0
4.0
3.0
3.0
3.0
4.0
3.0
3.0
2.0
2.0
2.0
5.0
4.0
3.0
3.0
3.0
3.0
4.0
3.0
3.0
3.0
2.0
3.0
3.0
4.0
3.0
4.0
4.0
2.0
2.0
3.0
3.0
2.0
3.0
1.0
4.0
2.0
3.0
3.0
2.0
2.0
2.0
3.0
2.0
3.0
3.0
3.0
4.0
3.0
2.0
3.0
2.0
3.0
4.0
3.0
3.0
3.0
4.0
3.0
4.0
3.0
3.0
3.0
3.0
3.0
4.0
3.0
3.0
4.0
4.0
3.0
3.0
3.0
2.0
3.0
3.0
3.0
3.0
2.0
4.0
2.0
3.0
1.0
3.0
3.0
4.0
3.0
2.0
3.0
3.0
4.0
3.0
3.0
4.0
3.0
4.0
3.0
2.0
4.0
3.0
3.0
5.0
2.0
2.0
3.0
2.0
4.0
3.0
4.0
4.0
4.0
6.0
2.0
3.0
3.0
3.0
3.0
2.0
3.0
4.0
1.0
3.0
3.0
3.0
3.0
3.0
3.0
4.0
3.0
4.0
2.0
4.0
2.0
3.0
4.0
2.0
1.0
4.0
3.0
3.0
5.0
4.0
3.0
3.0
3.0
3.0
2.0
3.0
3.0
2.0
3.0
3.0
3.0
4.0
4.0
6.0
3.0
3.0
5.0
3.0
1.0
3.0
3.0
3.0
3.0
3.0
3.0
2.0
2.0
3.0
0.0
3.0
2.0
3.0
3.0
3.0
2.0
3.0
5.0
3.0
3.0
3.0
3.0
3.0
3.0
2.0
3.0
3.0
3.0
3.0
3.0
3.0
3.0
3.0
3.0
3.0
3.0
3.0
3.0
4.0
3.0
3.0
4.0
3.0
2.0
3.0
2.0
3.0
3.0
3.0
3.0
3.0
4.0
4.0
5.0
2.0
2.0
3.0
3.0
2.0
2.0
2.0
3.0
2.0
3.0
5.0
3.0
5.0
3.0
3.0
3.0
2.0
3.0
2.0
3.0
3.0
4.0
4.0
2.0
3.0
4.0
3.0
5.0
3.0
2.0
4.0
3.0
3.0
3.0
5.0
2.0
3.0
5.0
2.0
3.0
1.0
3.0
4.0
2.0
2.0
3.0
2.0
3.0
4.0
3.0
3.0
2.0
2.0
2.0
3.0
3.0
3.0
2.0
2.0
4.0
3.0
4.0
4.0
3.0
2.0
4.0
1.0
2.0
4.0
2.0
3.0
3.0
3.0
3.0
3.0
3.0
4.0
2.0
3.0
4.0
2.0
4.0
2.0
3.0
4.0
2.0
4.0
3.0
3.0
3.0
3.0
3.0
3.0
1.0
3.0
3.0
4.0
3.0
4.0
4.0
2.0
3.0
3.0
3.0
3.0
3.0
4.0
3.0
2.0
4.0
3.0
3.0
3.0
4.0
4.0
2.0
3.0
7.0
3.0
3.0
3.0
3.0
3.0
3.0
4.0
4.0
3.0
3.0
4.0
2.0
2.0
3.0
3.0
4.0
3.0
3.0
2.0
3.0
3.0
2.0
3.0
3.0
4.0
4.0
2.0
3.0
3.0
4.0
1.0
4.0
3.0
3.0
4.0
4.0
3.0
3.0
2.0
4.0
3.0
5.0
3.0
3.0
2.0
3.0
3.0
5.0
5.0
4.0
3.0
3.0
3.0
2.0
4.0
3.0
4.0
2.0
4.0
4.0
2.0
3.0
2.0
3.0
4.0
4.0
2.0
3.0
3.0
3.0
3.0
2.0
3.0
2.0
2.0
3.0
3.0
4.0
3.0
4.0
3.0
3.0
4.0
2.0
3.0
1.0
2.0
4.0
3.0
3.0
3.0
3.0
3.0
3.0
3.0
5.0
3.0
3.0
3.0
3.0
3.0
3.0
3.0
3.0
2.0
3.0
2.0
3.0
3.0
3.0
2.0
4.0
3.0
3.0
3.0
3.0
3.0
3.0
3.0
4.0
3.0
4.0
3.0
3.0
3.0
3.0
3.0
4.0
3.0
4.0
4.0
4.0
3.0
4.0
2.0
3.0
4.0
6.0
3.0
3.0
3.0
4.0
3.0
3.0
4.0
3.0
3.0
3.0
3.0
3.0
3.0
2.0
2.0
3.0
3.0
2.0
3.0
3.0
3.0
4.0
4.0
4.0
3.0
3.0
3.0
2.0
2.0
4.0
2.0
4.0
2.0
2.0
3.0
3.0
4.0
3.0
3.0
3.0
2.0
3.0
3.0
2.0
5.0
4.0
4.0
1.0
3.0
2.0
3.0
3.0
4.0
2.0
4.0
3.0
3.0
3.0
3.0
3.0
3.0
3.0
3.0
3.0
4.0
5.0
3.0
3.0
4.0
3.0
3.0
3.0
2.0
2.0
3.0
3.0
2.0
3.0
2.0
2.0
4.0
2.0
3.0
3.0
3.0
4.0
3.0
3.0
3.0
4.0
3.0
4.0
3.0
2.0
4.0
3.0
2.0
4.0
3.0
3.0
3.0
3.0
2.0
3.0
4.0
4.0
3.0
3.0
3.0
3.0
6.0
2.0
3.0
1.0
2.0
3.0
4.0
4.0
3.0
4.0
2.0
2.0
2.0
2.0
3.0
3.0
1.0
2.0
4.0
4.0
3.0
4.0
3.0
1.0
3.0
4.0
3.0
3.0
3.0
3.0
3.0
2.0
2.0
3.0
1.0
3.0
3.0
3.0
3.0
4.0
2.0
4.0
2.0
4.0
3.0
3.0
4.0
4.0
3.0
3.0
3.0
4.0
5.0
3.0
4.0
3.0
2.0
4.0
3.0
3.0
2.0
3.0
3.0
3.0
2.0
3.0
3.0
3.0
3.0
2.0
3.0
4.0
3.0
3.0
3.0
5.0
2.0
5.0
3.0
3.0
2.0
3.0
3.0
3.0
2.0
3.0
3.0
4.0
3.0
4.0
3.0
3.0
3.0
4.0
3.0
3.0
4.0
4.0
3.0
3.0
4.0
3.0
4.0
3.0
3.0
2.0
3.0
3.0
3.0
3.0
2.0
3.0
3.0
3.0
4.0
3.0
4.0
3.0
2.0
3.0
4.0
2.0
2.0
2.0
3.0
3.0
1.0
3.0
3.0
4.0
2.0
3.0
2.0
3.0
4.0
2.0
3.0
4.0
3.0
4.0
3.0
2.0
2.0
3.0
4.0
4.0
3.0
2.0
3.0
3.0
3.0
3.0
3.0
4.0
3.0
3.0
3.0
3.0
4.0
4.0
3.0
4.0
2.0
2.0
3.0
4.0
3.0
3.0
4.0
4.0
3.0
2.0
2.0
4.0
1.0
2.0
4.0
3.0
4.0
3.0
4.0
1.0
3.0
2.0
2.0
4.0
4.0
3.0
4.0
1.0
4.0
2.0
1.0
2.0
4.0
4.0
3.0
3.0
3.0
3.0
3.0
3.0
3.0
3.0
2.0
3.0
3.0
4.0
3.0
3.0
3.0
4.0
3.0
4.0
4.0
5.0
4.0
3.0
3.0
3.0
2.0
3.0
3.0
3.0
3.0
2.0
3.0
2.0
1.0
3.0
3.0
3.0
3.0
3.0
5.0
4.0
1.0
3.0
3.0
3.0
2.0
3.0
3.0
3.0
3.0
6.0
2.0
3.0
1.0
3.0
5.0
3.0
4.0
3.0
5.0
3.0
2.0
3.0
5.0
2.0
4.0
3.0
2.0
2.0
2.0
2.0
3.0
3.0
3.0
2.0
3.0
2.0
4.0
4.0
3.0
3.0
3.0
3.0
3.0
3.0
3.0
3.0
2.0
3.0
2.0
3.0
5.0
4.0
3.0
3.0
4.0
2.0
3.0
3.0
3.0
3.0
4.0
3.0
4.0
3.0
2.0
3.0
3.0
3.0
4.0
3.0
4.0
3.0
2.0
3.0
3.0
4.0
2.0
3.0
3.0
3.0
3.0
1.0
2.0
3.0
1.0
3.0
2.0
2.0
4.0
3.0
3.0
1.0
3.0
2.0
3.0
3.0
3.0
3.0
4.0
2.0
3.0
2.0
3.0
4.0
4.0
3.0
3.0
3.0
3.0
5.0
1.0
2.0
3.0
3.0
3.0
3.0
5.0
3.0
3.0
3.0
2.0
3.0
3.0
3.0
2.0
2.0
3.0
3.0
3.0
2.0
2.0
3.0
3.0
2.0
2.0
3.0
4.0
2.0
3.0
3.0
3.0
4.0
4.0
3.0
3.0
3.0
1.0
3.0
3.0
5.0
4.0
3.0
3.0
3.0
2.0
2.0
3.0
2.0
4.0
3.0
3.0
3.0
3.0
2.0
3.0
3.0
4.0
2.0
3.0
5.0
3.0
2.0
4.0
2.0
5.0
3.0
3.0
3.0
2.0
3.0
2.0
3.0
4.0
3.0
2.0
3.0
4.0
3.0
3.0
3.0
4.0
3.0
3.0
3.0
3.0
3.0
3.0
5.0
4.0
4.0
4.0
3.0
2.0
4.0
3.0
5.0
3.0
3.0
3.0
3.0
3.0
3.0
2.0
3.0
3.0
2.0
4.0
4.0
4.0
3.0
2.0
4.0
4.0
3.0
3.0
2.0
4.0
4.0
3.0
3.0
3.0
2.0
2.0
3.0
4.0
3.0
3.0
3.0
3.0
3.0
3.0
2.0
5.0
5.0
3.0
3.0
2.0
3.0
4.0
3.0
3.0
3.0
2.0
3.0
3.0
3.0
3.0
3.0
4.0
3.0
4.0
4.0
4.0
2.0
3.0
3.0
4.0
3.0
3.0
3.0
3.0
3.0
2.0
2.0
2.0
5.0
3.0
3.0
4.0
3.0
3.0
3.0
3.0
3.0
3.0
3.0
2.0
3.0
2.0
3.0
4.0
5.0
3.0
3.0
4.0
4.0
1.0
2.0
2.0
2.0
3.0
4.0
4.0
3.0
3.0
2.0
3.0
3.0
3.0
4.0
3.0
3.0
2.0
3.0
2.0
3.0
3.0
3.0
4.0
3.0
3.0
3.0
3.0
2.0
2.0
4.0
3.0
3.0
4.0
3.0
3.0
3.0
3.0
2.0
1.0
3.0
4.0
3.0
3.0
3.0
3.0
5.0
3.0
3.0
2.0
3.0
4.0
3.0
2.0
4.0
4.0
2.0
3.0
4.0
3.0
3.0
3.0
3.0
3.0
4.0
3.0
3.0
3.0
3.0
3.0
3.0
3.0
3.0
3.0
2.0
1.0
3.0
2.0
3.0
5.0
3.0
2.0
2.0
2.0
3.0
4.0
2.0
4.0
3.0
4.0
3.0
3.0
3.0
3.0
4.0
1.0
3.0
3.0
2.0
2.0
2.0
2.0
4.0
4.0
3.0
3.0
4.0
4.0
3.0
3.0
3.0
2.0
5.0
3.0
2.0
4.0
3.0
3.0
3.0
2.0
4.0
3.0
3.0
4.0
3.0
4.0
4.0
3.0
2.0
2.0
4.0
6.0
3.0
4.0
3.0
3.0
2.0
1.0
3.0
3.0
3.0
3.0
4.0
4.0
2.0
3.0
3.0
3.0
4.0
4.0
2.0
3.0
2.0
3.0
3.0
3.0
1.0
3.0
3.0
3.0
3.0
3.0
3.0
4.0
4.0
2.0
3.0
4.0
4.0
3.0
3.0
3.0
2.0
3.0
2.0
3.0
3.0
4.0
2.0
3.0
2.0
2.0
2.0
3.0
4.0
3.0
2.0
4.0
3.0
2.0
2.0
5.0
3.0
3.0
3.0
3.0
4.0
4.0
3.0
4.0
3.0
4.0
3.0
4.0
2.0
3.0
3.0
4.0
1.0
3.0
2.0
5.0
3.0
3.0
3.0
4.0
2.0
3.0
3.0
5.0
5.0
2.0
4.0
3.0
4.0
3.0
3.0
4.0
4.0
2.0
3.0
3.0
3.0
3.0
1.0
4.0
5.0
3.0
4.0
4.0
3.0
3.0
3.0
3.0
1.0
2.0
3.0
5.0
3.0
3.0
3.0
4.0
4.0
3.0
2.0
3.0
4.0
4.0
2.0
3.0
3.0
3.0
3.0
3.0
4.0
3.0
3.0
3.0
3.0
3.0
3.0
2.0
3.0
3.0
3.0
4.0
2.0
3.0
2.0
3.0
4.0
2.0
4.0
3.0
3.0
3.0
2.0
3.0
2.0
3.0
2.0
3.0
4.0
3.0
3.0
3.0
3.0
3.0
5.0
3.0
3.0
4.0
3.0
3.0
2.0
3.0
3.0
3.0
3.0
2.0
4.0
4.0
4.0
3.0
2.0
3.0
3.0
3.0
4.0
4.0
3.0
3.0
2.0
3.0
3.0
2.0
2.0
4.0
3.0
3.0
4.0
3.0
2.0
3.0
3.0
2.0
3.0
2.0
3.0
3.0
3.0
3.0
3.0
5.0
3.0
4.0
3.0
3.0
5.0
3.0
3.0
3.0
3.0
4.0
3.0
3.0
4.0
3.0
3.0
3.0
3.0
3.0
3.0
2.0
2.0
2.0
2.0
5.0
2.0
5.0
4.0
3.0
3.0
2.0
4.0
2.0
3.0
3.0
2.0
4.0
2.0
4.0
3.0
3.0
2.0
3.0
3.0
3.0
3.0
3.0
3.0
3.0
3.0
4.0
3.0
2.0
3.0
3.0
3.0
3.0
4.0
4.0
3.0
3.0
4.0
3.0
3.0
5.0
5.0
3.0
3.0
2.0
3.0
3.0
4.0
3.0
2.0
2.0
2.0
4.0
1.0
3.0
4.0
2.0
3.0
3.0
4.0
3.0
3.0
4.0
4.0
3.0
3.0
3.0
3.0
3.0
3.0
3.0
3.0
3.0
3.0
1.0
3.0
5.0
2.0
4.0
4.0
2.0
1.0
3.0
5.0
4.0
2.0
3.0
5.0
3.0
3.0
3.0
3.0
3.0
3.0
3.0
4.0
2.0
2.0
2.0
4.0
3.0
3.0
3.0
3.0
3.0
5.0
4.0
3.0
3.0
1.0
3.0
3.0
4.0
3.0
3.0
3.0
3.0
3.0
3.0
3.0
6.0
3.0
4.0
3.0
2.0
3.0
3.0
3.0
4.0
4.0
5.0
4.0
3.0
4.0
4.0
3.0
3.0
3.0
3.0
3.0
3.0
3.0
3.0
2.0
3.0
2.0
6.0
3.0
3.0
3.0
3.0
3.0
4.0
3.0
3.0
3.0
2.0
4.0
5.0
3.0
3.0
3.0
3.0
3.0
2.0
4.0
2.0
3.0
3.0
3.0
5.0
3.0
3.0
4.0
3.0
3.0
3.0
3.0
3.0
3.0
2.0
3.0
4.0
6.0
4.0
4.0
3.0
3.0
3.0
4.0
3.0
4.0
3.0
3.0
3.0
4.0
5.0
3.0
3.0
3.0
3.0
4.0
3.0
3.0
3.0
2.0
2.0
4.0
3.0
2.0
4.0
2.0
3.0
3.0
3.0
2.0
2.0
3.0
3.0
3.0
3.0
3.0
3.0
3.0
4.0
3.0
1.0
4.0
3.0
4.0
3.0
3.0
3.0
3.0
4.0
3.0
1.0
1.0
1.0
5.0
3.0
3.0
3.0
2.0
3.0
2.0
1.0
3.0
3.0
3.0
3.0
3.0
3.0
2.0
3.0
3.0
3.0
3.0
3.0
2.0
3.0
4.0
3.0
3.0
4.0
3.0
1.0
4.0
3.0
3.0
4.0
2.0
3.0
3.0
2.0
5.0
3.0
3.0
3.0
2.0
3.0
5.0
4.0
2.0
2.0
3.0
4.0
2.0
3.0
3.0
4.0
3.0
4.0
4.0
4.0
4.0
3.0
3.0
3.0
3.0
3.0
2.0
6.0
2.0
3.0
2.0
2.0
3.0
3.0
4.0
4.0
3.0
3.0
3.0
1.0
4.0
4.0
3.0
4.0
3.0
3.0
3.0
3.0
2.0
3.0
3.0
3.0
4.0
3.0
2.0
3.0
1.0
3.0
4.0
3.0
2.0
2.0
3.0
3.0
3.0
4.0
2.0
3.0
3.0
3.0
3.0
2.0
3.0
5.0
4.0
4.0
5.0
3.0
2.0
3.0
5.0
2.0
3.0
3.0
3.0
3.0
2.0
3.0
3.0
4.0
3.0
2.0
2.0
3.0
3.0
3.0
3.0
3.0
4.0
3.0
2.0
3.0
3.0
3.0
4.0
3.0
3.0
3.0
4.0
3.0
3.0
1.0
3.0
4.0
4.0
3.0
3.0
4.0
2.0
3.0
4.0
3.0
4.0
3.0
4.0
4.0
3.0
3.0
3.0
3.0
2.0
3.0
3.0
3.0
4.0
3.0
3.0
3.0
3.0
3.0
3.0
4.0
3.0
3.0
3.0
3.0
3.0
3.0
4.0
4.0
3.0
2.0
3.0
4.0
3.0
2.0
4.0
3.0
3.0
6.0
4.0
3.0
3.0
2.0
3.0
3.0
3.0
3.0
3.0
3.0
4.0
2.0
3.0
3.0
5.0
3.0
3.0
3.0
3.0
3.0
3.0
4.0
3.0
3.0
3.0
2.0
1.0
3.0
3.0
1.0
2.0
3.0
3.0
3.0
2.0
3.0
5.0
3.0
3.0
3.0
2.0
2.0
3.0
3.0
2.0
3.0
3.0
4.0
4.0
3.0
3.0
3.0
3.0
3.0
3.0
3.0
2.0
3.0
3.0
3.0
3.0
4.0
3.0
3.0
2.0
3.0
3.0
2.0
4.0
3.0
3.0
2.0
3.0
3.0
1.0
2.0
3.0
4.0
3.0
3.0
3.0
3.0
2.0
5.0
3.0
4.0
4.0
2.0
3.0
3.0
4.0
3.0
3.0
3.0
3.0
4.0
2.0
4.0
4.0
5.0
5.0
3.0
3.0
3.0
4.0
3.0
4.0
3.0
3.0
4.0
3.0
4.0
4.0
2.0
3.0
2.0
3.0
2.0
1.0
3.0
2.0
3.0
3.0
3.0
2.0
4.0
3.0
3.0
3.0
2.0
3.0
4.0
2.0
5.0
5.0
2.0
2.0
3.0
6.0
3.0
3.0
4.0
3.0
3.0
3.0
3.0
2.0
2.0
4.0
3.0
3.0
3.0
3.0
3.0
3.0
3.0
4.0
4.0
2.0
3.0
3.0
3.0
3.0
4.0
3.0
3.0
3.0
3.0
2.0
3.0
3.0
3.0
3.0
6.0
2.0
2.0
4.0
3.0
3.0
3.0
3.0
3.0
3.0
3.0
4.0
3.0
3.0
5.0
3.0
2.0
2.0
7.0
4.0
3.0
3.0
3.0
3.0
5.0
4.0
3.0
2.0
3.0
3.0
3.0
4.0
3.0
3.0
3.0
3.0
3.0
3.0
3.0
2.0
3.0
5.0
3.0
3.0
3.0
2.0
3.0
3.0
3.0
3.0
3.0
3.0
3.0
3.0
3.0
4.0
2.0
3.0
3.0
2.0
4.0
3.0
3.0
3.0
3.0
2.0
3.0
3.0
4.0
2.0
3.0
2.0
5.0
3.0
3.0
2.0
2.0
3.0
3.0
3.0
4.0
3.0
3.0
3.0
3.0
2.0
2.0
2.0
3.0
5.0
3.0
4.0
3.0
3.0
3.0
3.0
2.0
3.0
2.0
6.0
3.0
3.0
3.0
3.0
4.0
3.0
3.0
4.0
3.0
3.0
3.0
4.0
3.0
3.0
4.0
2.0
3.0
3.0
3.0
3.0
3.0
3.0
3.0
3.0
3.0
3.0
3.0
2.0
3.0
3.0
5.0
3.0
0.0
3.0
4.0
2.0
4.0
4.0
4.0
1.0
2.0
2.0
2.0
5.0
5.0
3.0
4.0
3.0
5.0
3.0
4.0
3.0
3.0
3.0
2.0
4.0
3.0
3.0
3.0
4.0
2.0
3.0
3.0
1.0
3.0
3.0
4.0
2.0
3.0
3.0
2.0
3.0
2.0
3.0
3.0
2.0
4.0
3.0
3.0
5.0
4.0
3.0
5.0
3.0
2.0
2.0
3.0
4.0
3.0
3.0
3.0
3.0
3.0
3.0
2.0
3.0
2.0
3.0
3.0
5.0
2.0
2.0
3.0
4.0
5.0
3.0
3.0
2.0
4.0
4.0
3.0
3.0
3.0
1.0
3.0
4.0
3.0
3.0
3.0
4.0
3.0
3.0
2.0
3.0
3.0
2.0
4.0
3.0
3.0
4.0
3.0
3.0
3.0
3.0
2.0
2.0
4.0
3.0
4.0
5.0
3.0
2.0
4.0
3.0
3.0
2.0
4.0
3.0
3.0
2.0
2.0
3.0
4.0
3.0
1.0
2.0
3.0
3.0
4.0
4.0
4.0
4.0
4.0
3.0
2.0
3.0
3.0
3.0
3.0
4.0
3.0
4.0
3.0
2.0
4.0
4.0
2.0
2.0
3.0
4.0
3.0
3.0
4.0
3.0
2.0
2.0
2.0
3.0
3.0
4.0
2.0
5.0
3.0
4.0
3.0
5.0
3.0
3.0
3.0
3.0
2.0
4.0
3.0
3.0
3.0
3.0
2.0
3.0
3.0
4.0
3.0
4.0
3.0
3.0
2.0
2.0
3.0
3.0
3.0
3.0
3.0
3.0
3.0
2.0
3.0
4.0
5.0
3.0
2.0
4.0
2.0
3.0
3.0
5.0
3.0
4.0
3.0
4.0
3.0
3.0
3.0
3.0
3.0
5.0
3.0
4.0
4.0
2.0
3.0
3.0
2.0
4.0
4.0
4.0
3.0
3.0
3.0
2.0
3.0
4.0
3.0
3.0
3.0
1.0
3.0
3.0
4.0
3.0
3.0
3.0
3.0
4.0
2.0
2.0
4.0
2.0
3.0
2.0
3.0
3.0
3.0
3.0
3.0
3.0
2.0
3.0
4.0
1.0
4.0
3.0
4.0
3.0
6.0
2.0
3.0
2.0
5.0
2.0
3.0
3.0
3.0
3.0
3.0
3.0
3.0
2.0
4.0
3.0
3.0
2.0
4.0
3.0
4.0
2.0
3.0
2.0
3.0
3.0
3.0
4.0
2.0
3.0
1.0
4.0
3.0
3.0
2.0
3.0
3.0
3.0
4.0
3.0
2.0
2.0
3.0
3.0
3.0
3.0
3.0
4.0
3.0
3.0
3.0
4.0
1.0
3.0
3.0
5.0
3.0
3.0
3.0
3.0
3.0
4.0
3.0
4.0
3.0
3.0
3.0
2.0
3.0
3.0
3.0
4.0
3.0
3.0
2.0
5.0
3.0
4.0
2.0
1.0
3.0
2.0
3.0
3.0
4.0
3.0
3.0
3.0
4.0
3.0
3.0
3.0
3.0
2.0
3.0
2.0
3.0
4.0
3.0
4.0
5.0
3.0
2.0
3.0
4.0
3.0
3.0
3.0
3.0
4.0
4.0
3.0
1.0
3.0
3.0
1.0
3.0
2.0
3.0
3.0
2.0
2.0
3.0
3.0
2.0
3.0
3.0
2.0
4.0
3.0
3.0
4.0
3.0
4.0
3.0
3.0
3.0
4.0
2.0
3.0
5.0
3.0
4.0
3.0
3.0
1.0
2.0
2.0
4.0
3.0
3.0
3.0
3.0
3.0
3.0
3.0
3.0
3.0
3.0
3.0
3.0
4.0
3.0
3.0
2.0
3.0
4.0
3.0
3.0
5.0
2.0
3.0
3.0
2.0
2.0
3.0
3.0
3.0
3.0
4.0
3.0
3.0
3.0
3.0
3.0
3.0
3.0
4.0
3.0
4.0
3.0
5.0
4.0
3.0
2.0
4.0
1.0
4.0
3.0
3.0
3.0
2.0
5.0
3.0
5.0
4.0
3.0
3.0
3.0
4.0
7.0
3.0
4.0
2.0
3.0
3.0
3.0
3.0
3.0
4.0
3.0
3.0
3.0
3.0
4.0
3.0
4.0
3.0
4.0
3.0
3.0
3.0
2.0
3.0
2.0
5.0
3.0
3.0
5.0
3.0
5.0
4.0
3.0
3.0
2.0
2.0
2.0
3.0
2.0
3.0
3.0
3.0
3.0
3.0
4.0
3.0
3.0
4.0
3.0
3.0
4.0
3.0
1.0
4.0
3.0
2.0
2.0
2.0
2.0
2.0
4.0
3.0
3.0
3.0
3.0
3.0
4.0
3.0
3.0
3.0
3.0
3.0
3.0
4.0
3.0
4.0
3.0
3.0
2.0
4.0
4.0
3.0
2.0
2.0
3.0
5.0
3.0
3.0
4.0
3.0
3.0
2.0
3.0
4.0
3.0
3.0
2.0
4.0
4.0
2.0
5.0
3.0
4.0
3.0
4.0
3.0
3.0
2.0
5.0
2.0
3.0
4.0
3.0
3.0
2.0
2.0
5.0
3.0
4.0
3.0
2.0
4.0
4.0
3.0
3.0
3.0
3.0
5.0
3.0
2.0
4.0
3.0
4.0
4.0
2.0
3.0
4.0
3.0
3.0
3.0
2.0
4.0
4.0
1.0
2.0
4.0
3.0
3.0
5.0
2.0
3.0
3.0
2.0
3.0
4.0
3.0
3.0
3.0
3.0
3.0
4.0
3.0
3.0
3.0
4.0
3.0
4.0
3.0
3.0
2.0
4.0
2.0
3.0
2.0
3.0
3.0
3.0
3.0
2.0
3.0
3.0
3.0
4.0
5.0
3.0
2.0
4.0
4.0
3.0
3.0
1.0
3.0
4.0
3.0
3.0
2.0
5.0
3.0
2.0
3.0
3.0
3.0
4.0
3.0
3.0
3.0
3.0
4.0
4.0
3.0
3.0
3.0
3.0
2.0
3.0
4.0
3.0
3.0
5.0
3.0
4.0
3.0
2.0
3.0
3.0
4.0
4.0
3.0
3.0
2.0
3.0
4.0
5.0
3.0
4.0
3.0
1.0
2.0
3.0
3.0
3.0
3.0
3.0
4.0
2.0
3.0
4.0
3.0
3.0
3.0
3.0
3.0
3.0
3.0
3.0
3.0
3.0
2.0
3.0
3.0
2.0
3.0
3.0
3.0
3.0
3.0
3.0
3.0
4.0
3.0
3.0
3.0
3.0
3.0
3.0
2.0
3.0
3.0
3.0
3.0
3.0
3.0
3.0
3.0
2.0
3.0
3.0
5.0
3.0
2.0
2.0
4.0
3.0
3.0
5.0
3.0
4.0
2.0
3.0
2.0
3.0
3.0
2.0
2.0
4.0
2.0
3.0
3.0
3.0
5.0
5.0
3.0
3.0
4.0
3.0
4.0
4.0
3.0
4.0
1.0
2.0
4.0
2.0
3.0
5.0
4.0
3.0
3.0
2.0
2.0
3.0
4.0
4.0
3.0
2.0
4.0
3.0
3.0
4.0
5.0
3.0
3.0
4.0
3.0
4.0
4.0
2.0
3.0
2.0
3.0
3.0
5.0
3.0
4.0
3.0
2.0
4.0
2.0
1.0
3.0
3.0
3.0
3.0
4.0
3.0
3.0
5.0
3.0
3.0
3.0
3.0
4.0
4.0
3.0
3.0
3.0
3.0
3.0
3.0
3.0
2.0
3.0
6.0
3.0
3.0
2.0
4.0
3.0
3.0
2.0
3.0
4.0
2.0
3.0
4.0
3.0
3.0
3.0
4.0
3.0
3.0
3.0
3.0
3.0
3.0
2.0
3.0
3.0
5.0
3.0
3.0
3.0
3.0
3.0
3.0
6.0
3.0
3.0
3.0
3.0
3.0
3.0
2.0
4.0
1.0
1.0
3.0
4.0
2.0
3.0
3.0
4.0
4.0
3.0
3.0
3.0
2.0
3.0
3.0
3.0
3.0
2.0
3.0
2.0
3.0
3.0
3.0
2.0
2.0
4.0
3.0
4.0
6.0
3.0
3.0
3.0
3.0
4.0
3.0
4.0
3.0
3.0
4.0
3.0
2.0
2.0
3.0
2.0
4.0
3.0
3.0
2.0
3.0
1.0
3.0
3.0
3.0
2.0
3.0
3.0
3.0
2.0
3.0
4.0
2.0
3.0
5.0
3.0
4.0
3.0
3.0
4.0
3.0
5.0
2.0
3.0
3.0
3.0
3.0
3.0
3.0
3.0
3.0
3.0
3.0
4.0
3.0
4.0
3.0
3.0
2.0
2.0
3.0
3.0
4.0
2.0
2.0
3.0
5.0
3.0
3.0
3.0
2.0
3.0
3.0
4.0
3.0
4.0
2.0
3.0
3.0
3.0
4.0
4.0
3.0
3.0
4.0
3.0
4.0
3.0
5.0
3.0
3.0
1.0
2.0
4.0
3.0
4.0
3.0
3.0
3.0
3.0
4.0
3.0
3.0
3.0
3.0
3.0
3.0
5.0
4.0
7.0
3.0
3.0
3.0
2.0
3.0
3.0
3.0
3.0
4.0
4.0
1.0
3.0
3.0
4.0
3.0
5.0
3.0
1.0
3.0
4.0
5.0
3.0
3.0
5.0
3.0
4.0
3.0
3.0
3.0
2.0
3.0
4.0
3.0
3.0
3.0
3.0
4.0
2.0
4.0
3.0
6.0
3.0
3.0
3.0
3.0
2.0
4.0
3.0
4.0
5.0
3.0
3.0
3.0
2.0
3.0
3.0
3.0
4.0
3.0
3.0
3.0
3.0
5.0
4.0
3.0
3.0
3.0
3.0
4.0
4.0
4.0
4.0
2.0
3.0
4.0
3.0
2.0
2.0
3.0
3.0
4.0
2.0
1.0
4.0
2.0
2.0
4.0
3.0
3.0
3.0
3.0
7.0
3.0
4.0
3.0
3.0
3.0
4.0
2.0
3.0
3.0
3.0
3.0
3.0
3.0
3.0
3.0
2.0
3.0
3.0
4.0
3.0
4.0
4.0
4.0
4.0
3.0
3.0
3.0
2.0
3.0
4.0
5.0
4.0
3.0
3.0
3.0
1.0
2.0
3.0
3.0
3.0
2.0
3.0
3.0
3.0
3.0
2.0
2.0
4.0
1.0
2.0
3.0
4.0
2.0
5.0
4.0
3.0
3.0
4.0
2.0
3.0
3.0
2.0
2.0
3.0
3.0
3.0
4.0
3.0
3.0
2.0
2.0
3.0
3.0
3.0
3.0
4.0
3.0
3.0
3.0
3.0
4.0
3.0
3.0
4.0
4.0
3.0
3.0
2.0
3.0
3.0
2.0
1.0
3.0
3.0
3.0
3.0
3.0
3.0
3.0
3.0
2.0
3.0
2.0
3.0
3.0
3.0
3.0
3.0
3.0
3.0
3.0
3.0
3.0
3.0
2.0
3.0
2.0
4.0
2.0
4.0
4.0
3.0
4.0
4.0
5.0
6.0
3.0
3.0
2.0
5.0
3.0
3.0
3.0
3.0
3.0
3.0
3.0
3.0
3.0
4.0
3.0
3.0
3.0
5.0
3.0
3.0
4.0
5.0
3.0
3.0
3.0
2.0
2.0
3.0
4.0
5.0
4.0
5.0
3.0
3.0
4.0
2.0
3.0
4.0
3.0
3.0
3.0
4.0
3.0
4.0
4.0
3.0
4.0
3.0
3.0
3.0
4.0
3.0
3.0
3.0
3.0
3.0
3.0
3.0
3.0
4.0
3.0
3.0
5.0
3.0
2.0
2.0
3.0
3.0
3.0
3.0
5.0
2.0
3.0
3.0
3.0
3.0
3.0
4.0
3.0
3.0
3.0
3.0
3.0
4.0
3.0
4.0
4.0
3.0
2.0
3.0
2.0
3.0
3.0
4.0
3.0
5.0
4.0
3.0
2.0
3.0
3.0
3.0
3.0
1.0
1.0
2.0
5.0
3.0
3.0
3.0
2.0
3.0
3.0
3.0
3.0
3.0
5.0
3.0
3.0
2.0
3.0
3.0
2.0
4.0
4.0
3.0
4.0
4.0
4.0
3.0
3.0
3.0
3.0
3.0
4.0
3.0
2.0
3.0
3.0
3.0
4.0
2.0
3.0
2.0
6.0
4.0
3.0
2.0
3.0
4.0
3.0
3.0
3.0
3.0
1.0
4.0
5.0
4.0
3.0
3.0
3.0
2.0
3.0
3.0
3.0
2.0
3.0
3.0
1.0
2.0
3.0
2.0
2.0
3.0
4.0
2.0
3.0
2.0
3.0
3.0
3.0
2.0
2.0
2.0
3.0
4.0
2.0
3.0
3.0
3.0
3.0
3.0
3.0
3.0
3.0
4.0
3.0
2.0
3.0
2.0
3.0
3.0
4.0
4.0
3.0
2.0
3.0
3.0
4.0
3.0
2.0
4.0
3.0
3.0
3.0
3.0
2.0
2.0
3.0
4.0
3.0
3.0
2.0
3.0
3.0
5.0
2.0
2.0
3.0
3.0
3.0
2.0
5.0
2.0
3.0
3.0
3.0
3.0
4.0
2.0
5.0
3.0
2.0
4.0
2.0
1.0
3.0
1.0
5.0
2.0
4.0
3.0
3.0
4.0
3.0
3.0
3.0
3.0
3.0
1.0
3.0
2.0
1.0
3.0
4.0
2.0
4.0
2.0
3.0
3.0
3.0
4.0
5.0
4.0
3.0
6.0
1.0
3.0
3.0
5.0
1.0
3.0
3.0
2.0
3.0
4.0
2.0
3.0
6.0
3.0
2.0
2.0
3.0
3.0
3.0
3.0
2.0
3.0
3.0
2.0
3.0
3.0
4.0
3.0
2.0
3.0
3.0
4.0
2.0
4.0
2.0
3.0
2.0
3.0
3.0
3.0
3.0
3.0
4.0
3.0
4.0
2.0
2.0
2.0
4.0
2.0
3.0
3.0
3.0
3.0
3.0
2.0
3.0
3.0
5.0
3.0
2.0
4.0
3.0
3.0
4.0
3.0
3.0
4.0
3.0
3.0
2.0
3.0
3.0
3.0
3.0
4.0
3.0
3.0
3.0
3.0
4.0
2.0
3.0
4.0
2.0
2.0
2.0
3.0
3.0
3.0
3.0
3.0
2.0
3.0
3.0
4.0
3.0
3.0
3.0
3.0
3.0
5.0
3.0
3.0
3.0
3.0
4.0
3.0
3.0
1.0
2.0
3.0
4.0
2.0
3.0
5.0
3.0
3.0
3.0
4.0
4.0
1.0
2.0
4.0
3.0
3.0
4.0
4.0
3.0
3.0
2.0
2.0
3.0
3.0
3.0
3.0
3.0
4.0
4.0
4.0
3.0
5.0
2.0
4.0
3.0
4.0
3.0
4.0
4.0
3.0
3.0
4.0
3.0
3.0
3.0
2.0
3.0
3.0
5.0
3.0
2.0
3.0
6.0
3.0
3.0
4.0
3.0
4.0
4.0
3.0
3.0
4.0
2.0
4.0
3.0
2.0
4.0
3.0
2.0
4.0
3.0
2.0
4.0
3.0
3.0
4.0
2.0
3.0
3.0
3.0
4.0
3.0
3.0
3.0
3.0
3.0
4.0
2.0
5.0
3.0
2.0
3.0
3.0
5.0
4.0
4.0
4.0
3.0
3.0
4.0
3.0
3.0
4.0
3.0
4.0
3.0
4.0
4.0
3.0
3.0
3.0
4.0
3.0
3.0
3.0
3.0
2.0
2.0
2.0
3.0
4.0
3.0
3.0
3.0
3.0
2.0
3.0
4.0
4.0
4.0
4.0
4.0
5.0
3.0
4.0
4.0
4.0
1.0
2.0
3.0
3.0
2.0
3.0
2.0
3.0
4.0
1.0
2.0
3.0
3.0
2.0
3.0
3.0
3.0
3.0
3.0
2.0
4.0
2.0
4.0
4.0
3.0
4.0
4.0
5.0
3.0
3.0
4.0
3.0
6.0
5.0
2.0
2.0
2.0
3.0
4.0
3.0
5.0
3.0
2.0
3.0
3.0
4.0
3.0
4.0
3.0
2.0
3.0
1.0
2.0
3.0
4.0
4.0
3.0
3.0
3.0
2.0
3.0
3.0
3.0
3.0
4.0
3.0
3.0
3.0
3.0
2.0
2.0
3.0
3.0
3.0
3.0
3.0
2.0
3.0
3.0
3.0
5.0
2.0
2.0
4.0
4.0
4.0
3.0
3.0
4.0
3.0
2.0
2.0
3.0
4.0
2.0
3.0
5.0
5.0
4.0
4.0
3.0
1.0
3.0
3.0
3.0
2.0
4.0
5.0
5.0
4.0
3.0
4.0
3.0
3.0
2.0
3.0
3.0
5.0
2.0
2.0
0.0
3.0
3.0
3.0
5.0
3.0
4.0
3.0
3.0
3.0
4.0
3.0
2.0
2.0
3.0
3.0
2.0
4.0
2.0
3.0
3.0
2.0
2.0
3.0
4.0
2.0
3.0
1.0
3.0
3.0
3.0
3.0
3.0
3.0
3.0
3.0
3.0
6.0
2.0
3.0
3.0
4.0
2.0
3.0
3.0
4.0
4.0
3.0
3.0
4.0
3.0
4.0
2.0
3.0
2.0
4.0
3.0
3.0
3.0
3.0
3.0
3.0
2.0
4.0
3.0
3.0
3.0
3.0
4.0
4.0
3.0
3.0
3.0
4.0
3.0
3.0
4.0
3.0
4.0
2.0
3.0
3.0
2.0
3.0
3.0
3.0
3.0
3.0
3.0
3.0
3.0
2.0
3.0
3.0
3.0
3.0
3.0
4.0
2.0
3.0
3.0
4.0
3.0
4.0
4.0
4.0
4.0
4.0
3.0
3.0
3.0
2.0
1.0
3.0
2.0
3.0
3.0
3.0
2.0
2.0
3.0
3.0
3.0
3.0
3.0
2.0
2.0
2.0
3.0
3.0
4.0
3.0
5.0
5.0
4.0
3.0
4.0
3.0
3.0
4.0
3.0
3.0
2.0
4.0
3.0
3.0
4.0
3.0
3.0
3.0
2.0
3.0
3.0
5.0
3.0
4.0
3.0
3.0
2.0
4.0
3.0
3.0
3.0
3.0
1.0
3.0
3.0
3.0
2.0
4.0
2.0
3.0
5.0
3.0
4.0
3.0
3.0
2.0
3.0
4.0
3.0
3.0
3.0
3.0
3.0
3.0
3.0
3.0
4.0
4.0
2.0
1.0
4.0
4.0
3.0
3.0
3.0
4.0
3.0
3.0
5.0
3.0
3.0
3.0
3.0
4.0
5.0
4.0
3.0
3.0
3.0
3.0
2.0
3.0
3.0
3.0
3.0
3.0
3.0
3.0
3.0
3.0
3.0
3.0
4.0
3.0
2.0
3.0
2.0
4.0
4.0
2.0
3.0
3.0
3.0
3.0
5.0
3.0
3.0
2.0
3.0
4.0
3.0
5.0
3.0
3.0
2.0
3.0
3.0
3.0
3.0
3.0
4.0
3.0
2.0
3.0
2.0
3.0
5.0
3.0
3.0
3.0
3.0
3.0
4.0
4.0
4.0
2.0
2.0
3.0
2.0
3.0
5.0
2.0
2.0
3.0
4.0
3.0
3.0
3.0
3.0
5.0
3.0
4.0
4.0
3.0
7.0
3.0
2.0
3.0
3.0
3.0
2.0
4.0
3.0
3.0
3.0
2.0
2.0
3.0
3.0
3.0
1.0
6.0
5.0
2.0
5.0
4.0
3.0
3.0
5.0
2.0
2.0
3.0
4.0
2.0
3.0
3.0
3.0
1.0
4.0
4.0
5.0
3.0
3.0
3.0
3.0
4.0
3.0
3.0
4.0
3.0
3.0
3.0
3.0
3.0
3.0
3.0
3.0
3.0
3.0
3.0
3.0
3.0
4.0
2.0
4.0
3.0
3.0
3.0
4.0
4.0
3.0
5.0
2.0
3.0
3.0
3.0
2.0
2.0
3.0
3.0
3.0
1.0
4.0
4.0
2.0
3.0
3.0
3.0
4.0
3.0
4.0
4.0
3.0
2.0
4.0
3.0
4.0
3.0
4.0
3.0
6.0
3.0
3.0
3.0
2.0
3.0
4.0
3.0
4.0
1.0
4.0
3.0
5.0
3.0
2.0
3.0
3.0
3.0
3.0
4.0
2.0
5.0
4.0
2.0
3.0
3.0
3.0
3.0
4.0
3.0
3.0
1.0
3.0
3.0
3.0
2.0
3.0
3.0
3.0
3.0
2.0
2.0
2.0
2.0
3.0
2.0
3.0
3.0
1.0
4.0
4.0
5.0
3.0
2.0
2.0
3.0
2.0
3.0
2.0
5.0
4.0
3.0
4.0
3.0
3.0
2.0
2.0
4.0
3.0
3.0
5.0
2.0
4.0
4.0
3.0
4.0
3.0
2.0
4.0
3.0
3.0
2.0
2.0
3.0
2.0
3.0
3.0
3.0
5.0
5.0
3.0
7.0
2.0
4.0
3.0
3.0
4.0
3.0
1.0
3.0
3.0
3.0
5.0
3.0
3.0
4.0
3.0
1.0
3.0
2.0
4.0
3.0
4.0
3.0
2.0
3.0
3.0
3.0
3.0
2.0
4.0
3.0
4.0
3.0
4.0
3.0
1.0
5.0
4.0
2.0
3.0
5.0
4.0
3.0
3.0
4.0
3.0
4.0
3.0
4.0
3.0
3.0
3.0
4.0
3.0
3.0
4.0
2.0
2.0
3.0
4.0
1.0
2.0
2.0
3.0
3.0
3.0
3.0
2.0
3.0
2.0
4.0
2.0
3.0
3.0
4.0
2.0
3.0
2.0
3.0
2.0
3.0
3.0
3.0
3.0
2.0
3.0
2.0
3.0
2.0
3.0
3.0
2.0
3.0
2.0
3.0
4.0
4.0
4.0
3.0
3.0
5.0
3.0
3.0
3.0
2.0
2.0
2.0
3.0
3.0
5.0
3.0
4.0
3.0
4.0
2.0
3.0
4.0
3.0
2.0
3.0
4.0
4.0
3.0
3.0
5.0
3.0
3.0
3.0
3.0
3.0
3.0
2.0
3.0
2.0
4.0
5.0
3.0
3.0
3.0
4.0
3.0
3.0
3.0
4.0
4.0
5.0
3.0
3.0
4.0
3.0
3.0
4.0
3.0
3.0
4.0
3.0
3.0
3.0
3.0
4.0
3.0
3.0
4.0
3.0
3.0
3.0
5.0
3.0
3.0
2.0
4.0
2.0
3.0
3.0
3.0
3.0
2.0
1.0
3.0
3.0
4.0
3.0
3.0
3.0
3.0
1.0
2.0
2.0
2.0
3.0
3.0
3.0
3.0
1.0
3.0
4.0
3.0
2.0
3.0
2.0
3.0
4.0
5.0
3.0
2.0
3.0
4.0
3.0
3.0
3.0
3.0
1.0
3.0
5.0
4.0
3.0
3.0
3.0
3.0
4.0
2.0
3.0
3.0
3.0
4.0
3.0
4.0
3.0
2.0
3.0
3.0
3.0
3.0
4.0
3.0
3.0
2.0
4.0
3.0
3.0
2.0
4.0
5.0
3.0
3.0
3.0
3.0
3.0
3.0
4.0
3.0
4.0
2.0
2.0
3.0
4.0
0.0
4.0
3.0
1.0
3.0
4.0
3.0
3.0
2.0
3.0
3.0
3.0
4.0
3.0
5.0
3.0
2.0
3.0
4.0
3.0
3.0
2.0
5.0
3.0
3.0
3.0
3.0
3.0
5.0
3.0
3.0
3.0
3.0
4.0
3.0
2.0
2.0
3.0
3.0
3.0
3.0
3.0
4.0
1.0
4.0
4.0
2.0
2.0
4.0
3.0
4.0
2.0
3.0
2.0
4.0
4.0
1.0
4.0
1.0
3.0
3.0
3.0
4.0
4.0
4.0
3.0
4.0
3.0
4.0
3.0
3.0
4.0
4.0
3.0
1.0
3.0
4.0
2.0
2.0
2.0
3.0
2.0
3.0
4.0
3.0
6.0
3.0
4.0
4.0
3.0
3.0
4.0
3.0
3.0
3.0
3.0
4.0
2.0
3.0
3.0
2.0
4.0
4.0
2.0
4.0
3.0
3.0
4.0
3.0
3.0
3.0
2.0
3.0
3.0
4.0
2.0
3.0
5.0
3.0
4.0
3.0
3.0
3.0
3.0
3.0
2.0
3.0
3.0
1.0
4.0
3.0
4.0
3.0
3.0
2.0
3.0
3.0
4.0
4.0
4.0
3.0
3.0
3.0
3.0
2.0
3.0
3.0
3.0
2.0
3.0
5.0
3.0
3.0
3.0
4.0
4.0
3.0
3.0
4.0
3.0
3.0
3.0
3.0
2.0
2.0
3.0
2.0
3.0
3.0
4.0
4.0
2.0
2.0
3.0
4.0
2.0
4.0
3.0
3.0
4.0
3.0
3.0
4.0
3.0
2.0
3.0
3.0
3.0
3.0
3.0
5.0
5.0
3.0
4.0
3.0
2.0
4.0
2.0
3.0
2.0
1.0
3.0
4.0
4.0
3.0
4.0
3.0
3.0
3.0
5.0
2.0
3.0
4.0
2.0
2.0
2.0
4.0
3.0
2.0
3.0
4.0
3.0
4.0
3.0
4.0
3.0
4.0
4.0
3.0
3.0
3.0
3.0
2.0
3.0
3.0
3.0
1.0
4.0
3.0
3.0
2.0
3.0
3.0
4.0
1.0
3.0
3.0
2.0
4.0
3.0
3.0
3.0
3.0
3.0
3.0
1.0
4.0
5.0
3.0
2.0
3.0
3.0
6.0
2.0
4.0
1.0
2.0
3.0
3.0
3.0
3.0
3.0
2.0
2.0
3.0
2.0
3.0
4.0
5.0
3.0
3.0
4.0
3.0
2.0
4.0
2.0
3.0
4.0
4.0
3.0
3.0
4.0
3.0
3.0
3.0
3.0
2.0
3.0
4.0
4.0
4.0
2.0
3.0
3.0
3.0
3.0
3.0
4.0
5.0
3.0
3.0
3.0
4.0
2.0
3.0
2.0
3.0
2.0
3.0
4.0
4.0
3.0
3.0
4.0
3.0
4.0
2.0
2.0
3.0
3.0
3.0
4.0
4.0
3.0
3.0
3.0
2.0
3.0
2.0
3.0
4.0
4.0
4.0
4.0
3.0
4.0
3.0
3.0
3.0
3.0
2.0
3.0
2.0
3.0
2.0
3.0
3.0
2.0
3.0
4.0
3.0
3.0
2.0
3.0
3.0
3.0
4.0
3.0
3.0
3.0
4.0
4.0
4.0
3.0
3.0
3.0
2.0
3.0
3.0
3.0
3.0
2.0
3.0
4.0
3.0
2.0
3.0
2.0
5.0
4.0
2.0
2.0
2.0
5.0
4.0
4.0
3.0
4.0
3.0
3.0
3.0
3.0
5.0
4.0
3.0
2.0
3.0
3.0
3.0
3.0
2.0
4.0
4.0
2.0
3.0
3.0
4.0
2.0
4.0
4.0
4.0
5.0
3.0
3.0
2.0
4.0
2.0
2.0
4.0
3.0
2.0
3.0
2.0
3.0
2.0
3.0
3.0
3.0
3.0
5.0
3.0
3.0
3.0
3.0
3.0
3.0
3.0
3.0
3.0
5.0
2.0
3.0
2.0
4.0
5.0
1.0
5.0
3.0
3.0
4.0
2.0
4.0
3.0
3.0
4.0
3.0
3.0
3.0
2.0
3.0
5.0
2.0
3.0
2.0
3.0
3.0
3.0
4.0
3.0
4.0
4.0
3.0
3.0
3.0
3.0
3.0
3.0
3.0
3.0
3.0
3.0
3.0
3.0
5.0
2.0
3.0
3.0
3.0
2.0
3.0
4.0
4.0
3.0
3.0
3.0
3.0
3.0
4.0
2.0
3.0
4.0
1.0
4.0
2.0
3.0
3.0
4.0
5.0
3.0
3.0
3.0
3.0
3.0
3.0
3.0
3.0
4.0
2.0
3.0
2.0
3.0
4.0
4.0
3.0
3.0
3.0
4.0
3.0
2.0
4.0
3.0
3.0
3.0
2.0
4.0
3.0
3.0
5.0
3.0
2.0
5.0
1.0
3.0
4.0
4.0
3.0
4.0
3.0
3.0
2.0
3.0
3.0
4.0
2.0
2.0
4.0
3.0
3.0
3.0
3.0
3.0
4.0
3.0
4.0
3.0
2.0
3.0
3.0
2.0
2.0
3.0
3.0
3.0
3.0
3.0
5.0
4.0
3.0
3.0
2.0
3.0
3.0
3.0
3.0
3.0
4.0
3.0
3.0
3.0
3.0
3.0
4.0
3.0
3.0
4.0
4.0
3.0
3.0
4.0
4.0
4.0
3.0
3.0
3.0
3.0
3.0
3.0
4.0
3.0
3.0
3.0
3.0
2.0
3.0
3.0
3.0
4.0
3.0
3.0
3.0
3.0
3.0
2.0
4.0
3.0
3.0
4.0
4.0
3.0
3.0
3.0
3.0
3.0
3.0
4.0
2.0
3.0
1.0
1.0
4.0
4.0
3.0
3.0
3.0
3.0
3.0
3.0
3.0
3.0
3.0
5.0
3.0
3.0
3.0
3.0
3.0
2.0
2.0
3.0
3.0
2.0
2.0
3.0
3.0
2.0
3.0
3.0
3.0
3.0
3.0
3.0
3.0
4.0
4.0
3.0
3.0
4.0
4.0
3.0
3.0
5.0
3.0
3.0
3.0
2.0
3.0
3.0
2.0
2.0
2.0
3.0
4.0
3.0
2.0
3.0
3.0
3.0
4.0
3.0
3.0
1.0
4.0
3.0
4.0
2.0
2.0
2.0
3.0
3.0
3.0
3.0
2.0
7.0
2.0
3.0
2.0
3.0
2.0
2.0
2.0
4.0
4.0
4.0
3.0
3.0
7.0
3.0
3.0
4.0
3.0
3.0
2.0
3.0
3.0
3.0
3.0
4.0
3.0
3.0
3.0
5.0
3.0
4.0
2.0
3.0
3.0
3.0
4.0
5.0
3.0
2.0
5.0
3.0
3.0
3.0
3.0
4.0
3.0
3.0
4.0
3.0
2.0
1.0
3.0
3.0
4.0
3.0
3.0
3.0
3.0
2.0
3.0
2.0
3.0
3.0
2.0
2.0
3.0
3.0
3.0
3.0
3.0
5.0
3.0
4.0
3.0
1.0
3.0
4.0
3.0
3.0
2.0
3.0
2.0
3.0
1.0
5.0
4.0
3.0
3.0
3.0
3.0
3.0
3.0
2.0
3.0
3.0
3.0
2.0
1.0
3.0
3.0
4.0
2.0
2.0
3.0
2.0
3.0
2.0
3.0
2.0
4.0
5.0
3.0
2.0
3.0
1.0
3.0
3.0
3.0
3.0
2.0
3.0
3.0
3.0
3.0
5.0
2.0
3.0
3.0
2.0
3.0
2.0
3.0
3.0
3.0
4.0
3.0
2.0
3.0
2.0
3.0
3.0
3.0
4.0
3.0
3.0
3.0
3.0
3.0
3.0
4.0
3.0
3.0
3.0
2.0
3.0
3.0
4.0
3.0
4.0
4.0
3.0
5.0
3.0
3.0
2.0
3.0
3.0
3.0
3.0
3.0
3.0
4.0
2.0
3.0
3.0
3.0
3.0
4.0
3.0
3.0
3.0
3.0
2.0
2.0
3.0
3.0
5.0
3.0
4.0
2.0
4.0
3.0
4.0
4.0
3.0
1.0
5.0
2.0
3.0
4.0
3.0
3.0
3.0
2.0
5.0
3.0
3.0
3.0
4.0
3.0
5.0
4.0
2.0
2.0
2.0
2.0
3.0
3.0
3.0
2.0
4.0
2.0
3.0
2.0
1.0
4.0
4.0
4.0
4.0
3.0
3.0
4.0
4.0
3.0
2.0
2.0
3.0
3.0
3.0
3.0
2.0
3.0
3.0
4.0
3.0
3.0
4.0
3.0
3.0
3.0
3.0
2.0
3.0
4.0
3.0
3.0
1.0
3.0
3.0
3.0
4.0
3.0
2.0
2.0
3.0
2.0
3.0
3.0
4.0
3.0
3.0
3.0
3.0
3.0
4.0
4.0
3.0
3.0
3.0
2.0
4.0
3.0
3.0
3.0
3.0
3.0
5.0
2.0
3.0
3.0
3.0
4.0
4.0
3.0
2.0
3.0
3.0
4.0
3.0
3.0
3.0
3.0
4.0
3.0
3.0
3.0
3.0
3.0
2.0
4.0
2.0
3.0
4.0
3.0
3.0
2.0
2.0
4.0
3.0
5.0
3.0
3.0
1.0
3.0
3.0
3.0
4.0
2.0
3.0
3.0
3.0
5.0
3.0
3.0
4.0
2.0
3.0
3.0
3.0
4.0
1.0
3.0
3.0
3.0
1.0
3.0
3.0
4.0
3.0
2.0
4.0
3.0
3.0
3.0
4.0
3.0
3.0
2.0
2.0
3.0
3.0
5.0
4.0
4.0
3.0
3.0
3.0
2.0
3.0
3.0
2.0
4.0
3.0
2.0
3.0
2.0
4.0
4.0
3.0
3.0
4.0
3.0
5.0
3.0
4.0
3.0
3.0
2.0
3.0
4.0
4.0
2.0
3.0
3.0
2.0
3.0
3.0
4.0
3.0
3.0
3.0
1.0
4.0
5.0
1.0
3.0
5.0
1.0
3.0
3.0
2.0
3.0
6.0
3.0
4.0
3.0
4.0
3.0
4.0
3.0
5.0
3.0
5.0
2.0
2.0
3.0
3.0
4.0
4.0
2.0
3.0
4.0
3.0
3.0
4.0
4.0
3.0
4.0
3.0
3.0
2.0
3.0
3.0
3.0
3.0
2.0
3.0
3.0
5.0
4.0
3.0
3.0
3.0
3.0
4.0
2.0
4.0
3.0
4.0
3.0
3.0
4.0
4.0
3.0
4.0
3.0
4.0
3.0
2.0
2.0
3.0
3.0
3.0
3.0
4.0
3.0
4.0
1.0
3.0
3.0
2.0
3.0
2.0
3.0
3.0
4.0
3.0
3.0
3.0
3.0
4.0
5.0
3.0
2.0
3.0
4.0
3.0
2.0
2.0
2.0
2.0
3.0
4.0
2.0
3.0
3.0
4.0
3.0
2.0
3.0
3.0
2.0
3.0
4.0
4.0
3.0
4.0
1.0
3.0
3.0
1.0
4.0
6.0
4.0
3.0
3.0
4.0
3.0
3.0
2.0
3.0
3.0
3.0
4.0
2.0
3.0
3.0
3.0
3.0
4.0
3.0
2.0
5.0
3.0
3.0
3.0
3.0
3.0
4.0
2.0
4.0
3.0
3.0
5.0
3.0
2.0
3.0
5.0
3.0
3.0
5.0
3.0
3.0
4.0
3.0
3.0
4.0
4.0
3.0
3.0
3.0
3.0
3.0
3.0
3.0
5.0
3.0
1.0
2.0
3.0
4.0
4.0
4.0
4.0
3.0
2.0
3.0
3.0
3.0
3.0
4.0
3.0
3.0
3.0
5.0
3.0
2.0
2.0
4.0
3.0
4.0
3.0
3.0
3.0
3.0
2.0
3.0
3.0
3.0
3.0
2.0
4.0
4.0
3.0
3.0
3.0
3.0
5.0
3.0
2.0
4.0
2.0
2.0
3.0
3.0
3.0
2.0
3.0
3.0
3.0
3.0
3.0
3.0
3.0
3.0
4.0
1.0
2.0
2.0
3.0
3.0
4.0
3.0
3.0
4.0
3.0
3.0
4.0
1.0
6.0
1.0
3.0
3.0
1.0
2.0
4.0
3.0
2.0
3.0
3.0
3.0
2.0
5.0
3.0
3.0
3.0
2.0
3.0
4.0
2.0
3.0
3.0
5.0
3.0
3.0
4.0
3.0
3.0
3.0
3.0
3.0
2.0
2.0
3.0
3.0
3.0
2.0
3.0
2.0
3.0
3.0
3.0
3.0
5.0
2.0
3.0
2.0
3.0
3.0
2.0
3.0
4.0
4.0
3.0
4.0
3.0
3.0
4.0
2.0
3.0
3.0
3.0
2.0
3.0
4.0
3.0
3.0
4.0
2.0
2.0
3.0
3.0
3.0
3.0
3.0
3.0
6.0
3.0
2.0
2.0
3.0
3.0
3.0
3.0
2.0
2.0
3.0
3.0
3.0
3.0
3.0
4.0
3.0
2.0
4.0
2.0
3.0
3.0
3.0
3.0
3.0
1.0
2.0
4.0
4.0
5.0
4.0
3.0
3.0
2.0
3.0
3.0
3.0
3.0
3.0
3.0
3.0
4.0
2.0
2.0
2.0
3.0
3.0
2.0
3.0
4.0
3.0
3.0
3.0
4.0
4.0
3.0
3.0
3.0
2.0
3.0
3.0
2.0
3.0
3.0
4.0
3.0
3.0
3.0
3.0
3.0
5.0
3.0
3.0
3.0
4.0
3.0
3.0
3.0
3.0
3.0
3.0
3.0
3.0
2.0
3.0
2.0
3.0
3.0
3.0
3.0
2.0
2.0
2.0
0.0
3.0
3.0
3.0
3.0
4.0
4.0
3.0
4.0
3.0
4.0
3.0
3.0
3.0
3.0
2.0
3.0
5.0
2.0
3.0
3.0
3.0
4.0
3.0
3.0
3.0
3.0
6.0
4.0
3.0
4.0
3.0
4.0
4.0
3.0
2.0
4.0
3.0
3.0
3.0
3.0
3.0
3.0
3.0
3.0
3.0
3.0
3.0
2.0
2.0
4.0
2.0
3.0
4.0
3.0
3.0
3.0
3.0
3.0
4.0
5.0
2.0
3.0
2.0
4.0
2.0
4.0
3.0
4.0
2.0
4.0
3.0
3.0
3.0
3.0
4.0
3.0
4.0
3.0
3.0
3.0
3.0
2.0
3.0
2.0
3.0
3.0
3.0
4.0
3.0
2.0
3.0
3.0
2.0
2.0
5.0
5.0
3.0
4.0
3.0
4.0
2.0
2.0
4.0
4.0
3.0
4.0
3.0
3.0
4.0
1.0
2.0
3.0
2.0
3.0
3.0
1.0
3.0
2.0
3.0
3.0
1.0
2.0
4.0
3.0
1.0
3.0
2.0
6.0
2.0
3.0
6.0
4.0
3.0
2.0
3.0
3.0
2.0
3.0
4.0
2.0
3.0
5.0
4.0
3.0
4.0
2.0
3.0
3.0
5.0
3.0
3.0
3.0
3.0
4.0
5.0
3.0
3.0
3.0
3.0
3.0
4.0
3.0
4.0
3.0
4.0
3.0
3.0
3.0
4.0
4.0
3.0
2.0
2.0
3.0
3.0
3.0
3.0
3.0
2.0
4.0
3.0
3.0
3.0
3.0
2.0
3.0
3.0
3.0
3.0
3.0
1.0
3.0
4.0
3.0
3.0
3.0
4.0
2.0
4.0
3.0
2.0
4.0
3.0
4.0
3.0
3.0
2.0
3.0
3.0
3.0
3.0
2.0
2.0
3.0
3.0
5.0
3.0
3.0
4.0
3.0
2.0
3.0
3.0
3.0
3.0
4.0
3.0
3.0
3.0
3.0
3.0
4.0
3.0
2.0
3.0
4.0
3.0
3.0
3.0
2.0
3.0
3.0
2.0
3.0
2.0
3.0
3.0
4.0
3.0
3.0
3.0
3.0
3.0
3.0
4.0
3.0
3.0
3.0
3.0
4.0
5.0
4.0
3.0
2.0
4.0
3.0
4.0
3.0
4.0
2.0
4.0
2.0
4.0
3.0
3.0
4.0
3.0
3.0
3.0
2.0
3.0
5.0
3.0
4.0
3.0
2.0
2.0
3.0
5.0
2.0
3.0
3.0
2.0
3.0
3.0
3.0
3.0
2.0
5.0
3.0
2.0
3.0
1.0
3.0
3.0
3.0
3.0
5.0
3.0
2.0
3.0
1.0
4.0
3.0
2.0
3.0
3.0
2.0
3.0
3.0
4.0
4.0
2.0
2.0
2.0
3.0
2.0
2.0
3.0
3.0
3.0
3.0
3.0
1.0
3.0
3.0
3.0
3.0
3.0
4.0
3.0
4.0
3.0
2.0
3.0
2.0
6.0
2.0
3.0
4.0
3.0
3.0
2.0
5.0
4.0
2.0
3.0
2.0
3.0
4.0
3.0
3.0
3.0
3.0
5.0
3.0
3.0
4.0
2.0
5.0
3.0
4.0
3.0
3.0
3.0
3.0
3.0
3.0
3.0
4.0
1.0
3.0
3.0
5.0
2.0
3.0
3.0
2.0
3.0
3.0
3.0
3.0
3.0
2.0
3.0
3.0
3.0
2.0
2.0
3.0
4.0
3.0
3.0
2.0
3.0
4.0
4.0
3.0
3.0
3.0
3.0
2.0
3.0
3.0
2.0
4.0
3.0
3.0
3.0
3.0
4.0
4.0
3.0
5.0
3.0
3.0
3.0
4.0
3.0
4.0
3.0
3.0
2.0
4.0
3.0
3.0
5.0
3.0
3.0
4.0
3.0
2.0
3.0
3.0
5.0
3.0
3.0
2.0
4.0
3.0
3.0
3.0
2.0
4.0
4.0
4.0
3.0
3.0
5.0
4.0
3.0
4.0
4.0
3.0
3.0
3.0
4.0
2.0
3.0
2.0
2.0
7.0
3.0
3.0
2.0
3.0
3.0
2.0
3.0
3.0
1.0
2.0
3.0
4.0
3.0
2.0
3.0
3.0
3.0
2.0
4.0
3.0
3.0
3.0
3.0
4.0
3.0
3.0
3.0
5.0
4.0
4.0
2.0
3.0
2.0
4.0
3.0
2.0
5.0
3.0
4.0
2.0
4.0
3.0
3.0
3.0
4.0
2.0
2.0
4.0
3.0
3.0
3.0
4.0
4.0
4.0
3.0
3.0
3.0
3.0
3.0
3.0
3.0
4.0
3.0
1.0
2.0
3.0
3.0
3.0
3.0
3.0
3.0
2.0
3.0
3.0
4.0
3.0
3.0
3.0
6.0
5.0
3.0
2.0
2.0
2.0
3.0
3.0
3.0
2.0
3.0
3.0
3.0
4.0
3.0
4.0
3.0
1.0
4.0
3.0
5.0
4.0
3.0
3.0
3.0
2.0
3.0
4.0
4.0
3.0
1.0
3.0
3.0
3.0
3.0
2.0
3.0
2.0
2.0
3.0
3.0
7.0
3.0
3.0
4.0
3.0
3.0
3.0
5.0
3.0
3.0
3.0
2.0
3.0
3.0
3.0
4.0
4.0
2.0
3.0
3.0
3.0
2.0
3.0
3.0
3.0
4.0
3.0
3.0
3.0
2.0
3.0
1.0
3.0
2.0
3.0
5.0
3.0
3.0
3.0
4.0
3.0
3.0
1.0
4.0
1.0
2.0
3.0
4.0
2.0
2.0
3.0
5.0
3.0
3.0
4.0
3.0
5.0
3.0
3.0
5.0
3.0
2.0
3.0
4.0
2.0
3.0
1.0
2.0
2.0
3.0
2.0
4.0
3.0
2.0
4.0
4.0
3.0
3.0
3.0
3.0
1.0
4.0
3.0
3.0
2.0
2.0
3.0
3.0
3.0
4.0
4.0
3.0
3.0
4.0
3.0
5.0
2.0
3.0
2.0
2.0
3.0
3.0
3.0
3.0
3.0
1.0
2.0
3.0
3.0
6.0
2.0
3.0
2.0
2.0
4.0
3.0
3.0
2.0
3.0
2.0
2.0
3.0
2.0
3.0
5.0
5.0
3.0
4.0
5.0
3.0
3.0
3.0
3.0
3.0
3.0
2.0
3.0
2.0
3.0
3.0
3.0
3.0
3.0
3.0
3.0
4.0
3.0
3.0
3.0
4.0
3.0
3.0
3.0
6.0
3.0
3.0
3.0
3.0
4.0
2.0
4.0
3.0
3.0
3.0
3.0
4.0
3.0
3.0
3.0
3.0
2.0
4.0
2.0
4.0
3.0
3.0
3.0
3.0
4.0
3.0
5.0
3.0
5.0
8.0
3.0
3.0
4.0
3.0
4.0
2.0
3.0
3.0
3.0
2.0
4.0
3.0
3.0
3.0
3.0
2.0
2.0
3.0
2.0
5.0
3.0
3.0
2.0
3.0
4.0
2.0
4.0
3.0
4.0
5.0
3.0
3.0
6.0
4.0
3.0
3.0
3.0
3.0
3.0
3.0
3.0
3.0
4.0
3.0
5.0
3.0
2.0
2.0
3.0
3.0
3.0
3.0
4.0
2.0
3.0
3.0
2.0
2.0
2.0
5.0
3.0
3.0
5.0
4.0
1.0
3.0
2.0
3.0
2.0
3.0
5.0
3.0
0.0
3.0
2.0
2.0
1.0
4.0
4.0
1.0
2.0
3.0
3.0
4.0
3.0
3.0
4.0
4.0
3.0
4.0
3.0
3.0
3.0
4.0
2.0
3.0
3.0
5.0
3.0
3.0
3.0
3.0
3.0
3.0
3.0
3.0
4.0
3.0
3.0
3.0
3.0
3.0
1.0
3.0
3.0
2.0
3.0
3.0
2.0
2.0
3.0
2.0
3.0
2.0
2.0
3.0
2.0
3.0
3.0
4.0
3.0
3.0
3.0
3.0
3.0
3.0
4.0
3.0
3.0
3.0
5.0
3.0
3.0
3.0
3.0
1.0
4.0
3.0
2.0
3.0
4.0
3.0
2.0
2.0
2.0
2.0
3.0
4.0
4.0
3.0
3.0
2.0
3.0
2.0
3.0
2.0
4.0
3.0
3.0
3.0
3.0
3.0
2.0
4.0
3.0
3.0
3.0
3.0
5.0
3.0
5.0
3.0
3.0
2.0
3.0
2.0
4.0
4.0
4.0
3.0
3.0
3.0
3.0
3.0
3.0
4.0
4.0
3.0
3.0
3.0
3.0
4.0
4.0
4.0
3.0
3.0
2.0
3.0
3.0
3.0
3.0
2.0
3.0
3.0
2.0
4.0
2.0
3.0
2.0
2.0
3.0
2.0
5.0
2.0
2.0
3.0
2.0
3.0
3.0
3.0
3.0
3.0
3.0
4.0
2.0
4.0
3.0
3.0
3.0
3.0
3.0
2.0
0.0
4.0
3.0
3.0
4.0
2.0
3.0
3.0
3.0
2.0
4.0
3.0
3.0
3.0
3.0
4.0
4.0
3.0
3.0
2.0
3.0
3.0
3.0
2.0
3.0
4.0
3.0
4.0
3.0
3.0
3.0
3.0
3.0
4.0
3.0
5.0
3.0
4.0
3.0
3.0
3.0
3.0
3.0
3.0
4.0
2.0
3.0
3.0
5.0
3.0
3.0
3.0
3.0
3.0
3.0
2.0
3.0
2.0
3.0
4.0
3.0
4.0
3.0
3.0
3.0
2.0
3.0
1.0
2.0
2.0
3.0
3.0
3.0
5.0
3.0
3.0
3.0
3.0
3.0
3.0
3.0
2.0
4.0
2.0
2.0
3.0
4.0
2.0
1.0
3.0
2.0
3.0
3.0
3.0
3.0
4.0
3.0
4.0
3.0
4.0
3.0
3.0
2.0
3.0
3.0
3.0
2.0
3.0
3.0
3.0
3.0
4.0
4.0
3.0
2.0
3.0
6.0
3.0
3.0
4.0
3.0
3.0
3.0
3.0
3.0
3.0
3.0
2.0
3.0
3.0
3.0
3.0
3.0
3.0
2.0
5.0
3.0
3.0
2.0
3.0
2.0
3.0
1.0
2.0
3.0
3.0
3.0
3.0
3.0
3.0
2.0
3.0
3.0
3.0
3.0
3.0
4.0
3.0
4.0
3.0
3.0
4.0
3.0
3.0
3.0
2.0
3.0
1.0
3.0
1.0
4.0
4.0
5.0
3.0
5.0
4.0
3.0
4.0
5.0
2.0
1.0
3.0
3.0
4.0
2.0
3.0
2.0
1.0
3.0
3.0
4.0
4.0
3.0
3.0
2.0
3.0
3.0
4.0
3.0
3.0
4.0
3.0
2.0
3.0
3.0
3.0
3.0
3.0
3.0
2.0
3.0
2.0
3.0
3.0
3.0
3.0
3.0
3.0
4.0
3.0
3.0
3.0
5.0
3.0
3.0
3.0
2.0
2.0
2.0
3.0
3.0
3.0
4.0
4.0
3.0
3.0
5.0
3.0
4.0
3.0
3.0
5.0
3.0
2.0
4.0
3.0
3.0
5.0
4.0
3.0
3.0
5.0
5.0
2.0
3.0
3.0
3.0
3.0
4.0
2.0
2.0
3.0
3.0
1.0
3.0
3.0
3.0
2.0
4.0
2.0
3.0
3.0
3.0
2.0
3.0
3.0
3.0
3.0
2.0
4.0
4.0
3.0
6.0
3.0
3.0
4.0
3.0
3.0
2.0
4.0
2.0
3.0
2.0
3.0
3.0
2.0
4.0
3.0
3.0
3.0
3.0
3.0
3.0
4.0
3.0
3.0
0.0
3.0
3.0
3.0
3.0
3.0
2.0
2.0
3.0
3.0
3.0
4.0
2.0
4.0
1.0
3.0
2.0
3.0
2.0
4.0
3.0
3.0
4.0
4.0
3.0
2.0
3.0
3.0
2.0
3.0
3.0
4.0
3.0
4.0
2.0
3.0
2.0
3.0
3.0
4.0
3.0
3.0
2.0
2.0
3.0
3.0
5.0
3.0
3.0
2.0
3.0
3.0
2.0
2.0
3.0
4.0
3.0
3.0
4.0
4.0
5.0
2.0
3.0
3.0
3.0
3.0
3.0
3.0
3.0
4.0
4.0
4.0
3.0
3.0
4.0
3.0
3.0
4.0
4.0
3.0
3.0
3.0
3.0
4.0
3.0
4.0
4.0
2.0
3.0
3.0
3.0
3.0
4.0
2.0
4.0
3.0
3.0
4.0
3.0
5.0
4.0
2.0
5.0
3.0
2.0
1.0
3.0
3.0
4.0
3.0
5.0
3.0
3.0
2.0
3.0
3.0
3.0
5.0
3.0
3.0
3.0
2.0
3.0
3.0
2.0
4.0
2.0
4.0
4.0
2.0
3.0
4.0
2.0
2.0
5.0
3.0
3.0
3.0
4.0
2.0
3.0
3.0
4.0
3.0
3.0
4.0
3.0
4.0
3.0
3.0
3.0
3.0
3.0
2.0
3.0
3.0
3.0
4.0
3.0
2.0
5.0
3.0
3.0
4.0
3.0
3.0
5.0
1.0
3.0
4.0
3.0
3.0
3.0
3.0
3.0
2.0
3.0
5.0
3.0
4.0
3.0
3.0
3.0
2.0
3.0
3.0
3.0
3.0
2.0
3.0
4.0
3.0
2.0
3.0
3.0
2.0
4.0
3.0
4.0
2.0
2.0
3.0
3.0
3.0
3.0
3.0
3.0
3.0
2.0
3.0
3.0
4.0
5.0
3.0
3.0
3.0
3.0
3.0
3.0
3.0
2.0
5.0
3.0
1.0
3.0
3.0
2.0
2.0
3.0
3.0
2.0
3.0
2.0
1.0
4.0
4.0
2.0
4.0
3.0
3.0
3.0
5.0
3.0
2.0
3.0
2.0
3.0
3.0
1.0
3.0
3.0
3.0
4.0
3.0
2.0
2.0
3.0
2.0
3.0
2.0
4.0
3.0
3.0
5.0
2.0
3.0
3.0
5.0
4.0
5.0
3.0
3.0
3.0
4.0
3.0
3.0
3.0
3.0
3.0
2.0
2.0
2.0
4.0
4.0
1.0
3.0
3.0
4.0
3.0
3.0
4.0
2.0
5.0
3.0
5.0
4.0
4.0
3.0
3.0
2.0
2.0
3.0
3.0
4.0
3.0
4.0
3.0
3.0
2.0
2.0
3.0
3.0
3.0
4.0
3.0
3.0
3.0
3.0
4.0
3.0
3.0
3.0
4.0
3.0
4.0
3.0
2.0
2.0
3.0
3.0
4.0
4.0
2.0
3.0
2.0
5.0
1.0
2.0
4.0
3.0
3.0
1.0
2.0
4.0
2.0
3.0
3.0
3.0
3.0
3.0
4.0
4.0
2.0
2.0
3.0
3.0
2.0
3.0
3.0
4.0
2.0
2.0
3.0
2.0
4.0
2.0
3.0
3.0
4.0
2.0
3.0
2.0
3.0
3.0
4.0
2.0
3.0
3.0
3.0
3.0
4.0
3.0
3.0
3.0
3.0
4.0
3.0
2.0
2.0
3.0
4.0
3.0
5.0
3.0
3.0
3.0
3.0
2.0
4.0
3.0
4.0
3.0
2.0
3.0
2.0
4.0
3.0
3.0
3.0
2.0
2.0
2.0
1.0
4.0
4.0
3.0
3.0
3.0
3.0
4.0
2.0
3.0
4.0
5.0
3.0
2.0
3.0
3.0
3.0
3.0
3.0
3.0
4.0
3.0
4.0
3.0
1.0
3.0
3.0
3.0
3.0
4.0
3.0
3.0
4.0
3.0
1.0
2.0
2.0
4.0
3.0
3.0
3.0
5.0
4.0
3.0
2.0
3.0
3.0
3.0
2.0
3.0
3.0
4.0
1.0
3.0
3.0
4.0
4.0
3.0
2.0
3.0
2.0
3.0
3.0
3.0
3.0
1.0
3.0
3.0
4.0
3.0
3.0
4.0
3.0
2.0
3.0
3.0
5.0
5.0
4.0
2.0
3.0
2.0
4.0
2.0
3.0
3.0
3.0
3.0
5.0
3.0
3.0
3.0
3.0
3.0
3.0
3.0
3.0
4.0
4.0
3.0
3.0
3.0
2.0
3.0
3.0
3.0
4.0
3.0
4.0
3.0
5.0
1.0
3.0
3.0
3.0
4.0
3.0
3.0
3.0
2.0
3.0
2.0
3.0
3.0
3.0
3.0
3.0
3.0
3.0
5.0
3.0
3.0
3.0
5.0
4.0
4.0
3.0
3.0
3.0
3.0
3.0
3.0
3.0
3.0
2.0
3.0
5.0
3.0
2.0
3.0
2.0
1.0
4.0
2.0
4.0
3.0
2.0
3.0
3.0
3.0
4.0
4.0
4.0
3.0
3.0
5.0
3.0
3.0
4.0
2.0
4.0
3.0
2.0
3.0
2.0
2.0
3.0
2.0
5.0
3.0
2.0
2.0
4.0
5.0
3.0
2.0
4.0
4.0
2.0
3.0
3.0
4.0
3.0
4.0
3.0
3.0
3.0
3.0
4.0
3.0
3.0
4.0
3.0
3.0
4.0
2.0
3.0
4.0
2.0
3.0
4.0
2.0
3.0
2.0
3.0
3.0
3.0
3.0
4.0
2.0
4.0
2.0
3.0
3.0
3.0
3.0
3.0
3.0
2.0
4.0
3.0
3.0
3.0
3.0
3.0
3.0
2.0
4.0
3.0
3.0
3.0
3.0
3.0
2.0
2.0
5.0
4.0
3.0
4.0
3.0
1.0
3.0
3.0
5.0
4.0
3.0
3.0
2.0
3.0
4.0
2.0
1.0
4.0
4.0
1.0
3.0
3.0
4.0
4.0
3.0
3.0
3.0
4.0
3.0
3.0
3.0
5.0
3.0
3.0
4.0
3.0
3.0
3.0
3.0
3.0
2.0
4.0
3.0
2.0
3.0
3.0
4.0
3.0
3.0
5.0
3.0
2.0
3.0
3.0
3.0
2.0
2.0
2.0
3.0
3.0
3.0
3.0
3.0
3.0
3.0
4.0
3.0
2.0
4.0
3.0
3.0
3.0
3.0
2.0
5.0
3.0
3.0
2.0
3.0
4.0
3.0
3.0
2.0
4.0
3.0
3.0
3.0
3.0
4.0
3.0
3.0
2.0
3.0
2.0
3.0
2.0
3.0
1.0
4.0
3.0
4.0
3.0
4.0
3.0
1.0
3.0
3.0
3.0
4.0
5.0
3.0
2.0
3.0
3.0
5.0
3.0
4.0
3.0
2.0
3.0
3.0
2.0
3.0
3.0
2.0
4.0
4.0
3.0
3.0
3.0
3.0
4.0
3.0
3.0
3.0
3.0
4.0
3.0
4.0
3.0
3.0
3.0
3.0
4.0
3.0
2.0
3.0
3.0
4.0
3.0
4.0
3.0
2.0
3.0
4.0
3.0
3.0
3.0
2.0
2.0
5.0
4.0
2.0
4.0
2.0
2.0
3.0
3.0
3.0
2.0
4.0
1.0
3.0
4.0
3.0
2.0
3.0
4.0
2.0
3.0
3.0
3.0
3.0
3.0
2.0
2.0
4.0
3.0
3.0
1.0
1.0
6.0
4.0
3.0
3.0
4.0
4.0
4.0
3.0
5.0
3.0
2.0
3.0
2.0
3.0
3.0
3.0
2.0
2.0
1.0
3.0
4.0
4.0
2.0
4.0
1.0
3.0
4.0
2.0
3.0
3.0
3.0
3.0
3.0
4.0
4.0
2.0
3.0
2.0
3.0
4.0
3.0
4.0
3.0
2.0
4.0
5.0
4.0
2.0
3.0
4.0
4.0
4.0
3.0
4.0
5.0
2.0
3.0
3.0
3.0
4.0
2.0
3.0
3.0
3.0
2.0
3.0
3.0
4.0
3.0
3.0
3.0
3.0
2.0
3.0
4.0
5.0
2.0
3.0
3.0
3.0
2.0
3.0
3.0
6.0
4.0
3.0
3.0
4.0
2.0
2.0
3.0
3.0
3.0
4.0
3.0
3.0
2.0
3.0
3.0
2.0
3.0
3.0
1.0
3.0
3.0
4.0
4.0
3.0
2.0
3.0
2.0
4.0
3.0
5.0
3.0
2.0
3.0
2.0
2.0
4.0
3.0
3.0
3.0
3.0
2.0
3.0
3.0
3.0
3.0
3.0
3.0
1.0
3.0
3.0
4.0
3.0
3.0
3.0
4.0
4.0
2.0
2.0
3.0
3.0
3.0
3.0
4.0
3.0
2.0
1.0
4.0
3.0
4.0
5.0
3.0
4.0
3.0
2.0
4.0
3.0
3.0
2.0
3.0
3.0
4.0
3.0
3.0
3.0
4.0
2.0
4.0
3.0
3.0
5.0
2.0
4.0
4.0
3.0
3.0
3.0
3.0
3.0
3.0
4.0
2.0
5.0
2.0
3.0
1.0
2.0
4.0
3.0
3.0
2.0
3.0
1.0
4.0
3.0
3.0
4.0
3.0
3.0
4.0
3.0
4.0
3.0
3.0
2.0
3.0
3.0
2.0
3.0
3.0
3.0
1.0
3.0
4.0
3.0
2.0
2.0
3.0
1.0
3.0
3.0
2.0
3.0
3.0
2.0
2.0
3.0
3.0
2.0
3.0
3.0
3.0
3.0
3.0
3.0
3.0
2.0
3.0
4.0
3.0
3.0
4.0
3.0
1.0
2.0
4.0
3.0
3.0
2.0
3.0
4.0
3.0
3.0
3.0
2.0
3.0
3.0
3.0
2.0
3.0
2.0
3.0
3.0
2.0
3.0
4.0
3.0
3.0
4.0
3.0
4.0
3.0
3.0
5.0
3.0
2.0
4.0
4.0
3.0
2.0
3.0
3.0
2.0
1.0
3.0
3.0
4.0
3.0
3.0
2.0
3.0
4.0
3.0
3.0
4.0
3.0
3.0
2.0
5.0
3.0
2.0
3.0
3.0
3.0
3.0
1.0
4.0
4.0
3.0
3.0
3.0
4.0
5.0
3.0
3.0
3.0
3.0
3.0
3.0
3.0
2.0
5.0
1.0
3.0
2.0
4.0
3.0
4.0
3.0
3.0
3.0
3.0
3.0
3.0
4.0
3.0
3.0
3.0
3.0
3.0
3.0
3.0
3.0
2.0
3.0
5.0
3.0
4.0
2.0
3.0
4.0
3.0
2.0
2.0
3.0
3.0
3.0
3.0
3.0
3.0
2.0
5.0
4.0
3.0
3.0
2.0
3.0
3.0
3.0
4.0
4.0
3.0
3.0
4.0
4.0
2.0
5.0
3.0
3.0
2.0
2.0
5.0
3.0
2.0
2.0
2.0
3.0
2.0
2.0
3.0
4.0
2.0
4.0
3.0
3.0
3.0
4.0
3.0
3.0
3.0
3.0
4.0
3.0
2.0
3.0
5.0
5.0
3.0
6.0
4.0
3.0
3.0
3.0
3.0
3.0
4.0
3.0
3.0
2.0
3.0
4.0
3.0
3.0
3.0
3.0
3.0
3.0
3.0
1.0
3.0
4.0
3.0
3.0
4.0
3.0
3.0
6.0
5.0
3.0
3.0
3.0
6.0
4.0
3.0
4.0
4.0
2.0
3.0
1.0
2.0
2.0
4.0
3.0
2.0
3.0
1.0
3.0
2.0
3.0
3.0
3.0
4.0
3.0
2.0
3.0
1.0
2.0
3.0
3.0
3.0
3.0
2.0
3.0
4.0
1.0
2.0
3.0
3.0
3.0
3.0
3.0
3.0
3.0
3.0
3.0
3.0
4.0
3.0
3.0
4.0
1.0
2.0
2.0
4.0
3.0
2.0
3.0
3.0
3.0
3.0
3.0
3.0
4.0
3.0
4.0
3.0
2.0
2.0
3.0
3.0
3.0
3.0
3.0
3.0
4.0
3.0
3.0
2.0
3.0
3.0
3.0
3.0
2.0
4.0
4.0
4.0
1.0
4.0
3.0
3.0
3.0
4.0
3.0
4.0
2.0
3.0
3.0
2.0
4.0
3.0
3.0
2.0
3.0
4.0
3.0
3.0
4.0
5.0
4.0
3.0
4.0
5.0
3.0
2.0
3.0
3.0
2.0
3.0
3.0
4.0
2.0
4.0
5.0
3.0
3.0
3.0
4.0
3.0
4.0
2.0
3.0
3.0
4.0
3.0
3.0
3.0
3.0
2.0
3.0
3.0
3.0
4.0
3.0
3.0
4.0
2.0
1.0
2.0
3.0
4.0
3.0
5.0
3.0
3.0
3.0
4.0
3.0
3.0
3.0
2.0
3.0
4.0
3.0
3.0
4.0
5.0
3.0
3.0
2.0
3.0
3.0
3.0
3.0
3.0
2.0
3.0
2.0
2.0
3.0
3.0
4.0
3.0
3.0
4.0
3.0
2.0
4.0
4.0
4.0
3.0
5.0
3.0
3.0
3.0
3.0
3.0
3.0
3.0
4.0
4.0
3.0
4.0
2.0
3.0
2.0
3.0
4.0
2.0
3.0
2.0
3.0
4.0
3.0
3.0
4.0
3.0
3.0
3.0
3.0
3.0
3.0
3.0
2.0
3.0
2.0
3.0
2.0
2.0
5.0
3.0
3.0
3.0
4.0
3.0
5.0
5.0
3.0
3.0
3.0
4.0
6.0
3.0
3.0
3.0
2.0
2.0
1.0
5.0
3.0
2.0
4.0
3.0
2.0
3.0
3.0
4.0
3.0
3.0
3.0
2.0
3.0
3.0
3.0
3.0
1.0
3.0
3.0
3.0
3.0
3.0
1.0
3.0
3.0
3.0
3.0
3.0
4.0
5.0
5.0
4.0
2.0
2.0
2.0
2.0
3.0
3.0
2.0
3.0
3.0
4.0
3.0
4.0
4.0
4.0
3.0
4.0
3.0
3.0
3.0
3.0
4.0
3.0
3.0
3.0
3.0
3.0
2.0
4.0
4.0
4.0
3.0
4.0
4.0
2.0
3.0
5.0
4.0
4.0
5.0
2.0
3.0
2.0
3.0
3.0
3.0
2.0
2.0
3.0
2.0
4.0
4.0
4.0
2.0
4.0
2.0
2.0
5.0
3.0
3.0
2.0
4.0
2.0
4.0
3.0
2.0
4.0
3.0
3.0
4.0
4.0
4.0
3.0
4.0
3.0
3.0
3.0
3.0
2.0
4.0
4.0
3.0
4.0
3.0
2.0
2.0
3.0
3.0
3.0
4.0
3.0
4.0
3.0
2.0
2.0
4.0
3.0
3.0
3.0
3.0
2.0
3.0
4.0
5.0
4.0
2.0
3.0
3.0
3.0
3.0
3.0
3.0
2.0
2.0
3.0
3.0
4.0
3.0
3.0
5.0
3.0
4.0
3.0
3.0
1.0
4.0
4.0
3.0
5.0
3.0
3.0
4.0
3.0
3.0
3.0
4.0
4.0
4.0
3.0
3.0
3.0
3.0
2.0
3.0
3.0
4.0
4.0
2.0
3.0
3.0
2.0
3.0
4.0
3.0
3.0
3.0
5.0
3.0
3.0
1.0
4.0
3.0
3.0
4.0
4.0
4.0
3.0
1.0
2.0
2.0
3.0
3.0
3.0
3.0
3.0
3.0
2.0
4.0
3.0
4.0
3.0
3.0
2.0
3.0
2.0
3.0
3.0
3.0
2.0
3.0
3.0
4.0
3.0
4.0
3.0
3.0
3.0
3.0
3.0
2.0
3.0
3.0
1.0
3.0
5.0
3.0
2.0
4.0
3.0
3.0
3.0
3.0
3.0
3.0
4.0
2.0
3.0
2.0
4.0
2.0
3.0
2.0
4.0
4.0
3.0
3.0
3.0
4.0
5.0
3.0
3.0
3.0
3.0
3.0
4.0
3.0
3.0
3.0
3.0
3.0
3.0
3.0
4.0
3.0
3.0
3.0
3.0
3.0
3.0
3.0
3.0
3.0
2.0
5.0
3.0
3.0
3.0
1.0
3.0
3.0
3.0
3.0
2.0
2.0
3.0
3.0
3.0
5.0
3.0
2.0
3.0
4.0
3.0
3.0
4.0
5.0
3.0
4.0
3.0
3.0
3.0
4.0
3.0
4.0
5.0
1.0
3.0
3.0
4.0
3.0
3.0
3.0
3.0
4.0
4.0
3.0
3.0
2.0
2.0
3.0
3.0
3.0
1.0
3.0
1.0
3.0
2.0
3.0
3.0
4.0
2.0
3.0
4.0
3.0
3.0
3.0
3.0
2.0
2.0
3.0
5.0
3.0
3.0
3.0
3.0
3.0
4.0
4.0
3.0
3.0
5.0
4.0
3.0
2.0
3.0
3.0
3.0
2.0
3.0
2.0
4.0
3.0
3.0
4.0
3.0
3.0
2.0
2.0
3.0
3.0
3.0
3.0
3.0
4.0
3.0
4.0
3.0
5.0
4.0
3.0
3.0
2.0
2.0
3.0
3.0
3.0
3.0
3.0
3.0
4.0
3.0
2.0
2.0
3.0
3.0
2.0
3.0
3.0
3.0
4.0
3.0
4.0
3.0
3.0
3.0
3.0
4.0
3.0
3.0
3.0
4.0
2.0
2.0
4.0
3.0
3.0
3.0
1.0
3.0
3.0
3.0
4.0
3.0
3.0
3.0
4.0
4.0
2.0
3.0
3.0
5.0
3.0
4.0
3.0
2.0
3.0
3.0
2.0
6.0
2.0
4.0
4.0
3.0
4.0
3.0
3.0
3.0
4.0
3.0
4.0
4.0
3.0
3.0
3.0
3.0
3.0
4.0
3.0
5.0
3.0
3.0
4.0
3.0
3.0
3.0
2.0
4.0
3.0
3.0
3.0
3.0
2.0
3.0
4.0
5.0
3.0
2.0
4.0
3.0
3.0
3.0
3.0
3.0
1.0
3.0
4.0
3.0
3.0
3.0
3.0
4.0
3.0
3.0
3.0
3.0
4.0
3.0
3.0
4.0
3.0
2.0
4.0
2.0
2.0
3.0
2.0
3.0
3.0
3.0
4.0
3.0
3.0
3.0
3.0
2.0
3.0
3.0
3.0
3.0
1.0
5.0
3.0
3.0
3.0
4.0
3.0
3.0
4.0
3.0
4.0
1.0
4.0
3.0
3.0
3.0
3.0
3.0
5.0
3.0
6.0
4.0
4.0
4.0
2.0
2.0
4.0
3.0
4.0
5.0
4.0
4.0
2.0
3.0
3.0
3.0
6.0
3.0
4.0
3.0
1.0
2.0
2.0
3.0
1.0
3.0
3.0
3.0
4.0
4.0
3.0
1.0
3.0
3.0
2.0
3.0
3.0
5.0
3.0
2.0
3.0
3.0
2.0
2.0
4.0
2.0
2.0
4.0
4.0
3.0
3.0
3.0
4.0
3.0
3.0
3.0
3.0
3.0
3.0
3.0
6.0
3.0
3.0
3.0
3.0
2.0
3.0
3.0
3.0
3.0
3.0
3.0
4.0
3.0
4.0
5.0
3.0
3.0
3.0
3.0
3.0
2.0
3.0
3.0
1.0
3.0
1.0
3.0
3.0
3.0
3.0
3.0
2.0
4.0
3.0
5.0
2.0
3.0
3.0
3.0
2.0
4.0
4.0
4.0
1.0
3.0
3.0
3.0
4.0
3.0
3.0
2.0
4.0
3.0
3.0
3.0
2.0
4.0
2.0
3.0
3.0
3.0
3.0
4.0
2.0
3.0
3.0
3.0
3.0
3.0
3.0
3.0
2.0
1.0
3.0
3.0
2.0
3.0
3.0
2.0
4.0
3.0
3.0
3.0
1.0
2.0
3.0
1.0
1.0
3.0
4.0
3.0
3.0
3.0
3.0
3.0
1.0
3.0
3.0
2.0
3.0
3.0
3.0
3.0
3.0
5.0
2.0
4.0
3.0
3.0
2.0
3.0
2.0
3.0
2.0
3.0
1.0
3.0
3.0
4.0
2.0
4.0
2.0
3.0
3.0
3.0
3.0
3.0
2.0
4.0
2.0
1.0
4.0
3.0
5.0
3.0
3.0
3.0
3.0
3.0
4.0
2.0
3.0
3.0
3.0
3.0
4.0
3.0
4.0
3.0
3.0
3.0
3.0
4.0
4.0
4.0
2.0
3.0
3.0
2.0
4.0
2.0
3.0
2.0
4.0
3.0
1.0
3.0
3.0
3.0
3.0
3.0
3.0
5.0
2.0
3.0
5.0
1.0
4.0
4.0
3.0
4.0
3.0
2.0
3.0
3.0
4.0
3.0
3.0
4.0
3.0
3.0
3.0
3.0
2.0
3.0
3.0
3.0
4.0
4.0
3.0
3.0
2.0
3.0
3.0
4.0
3.0
3.0
3.0
4.0
3.0
3.0
4.0
3.0
4.0
3.0
3.0
2.0
3.0
3.0
1.0
3.0
3.0
4.0
3.0
2.0
4.0
2.0
4.0
4.0
4.0
3.0
3.0
3.0
2.0
3.0
3.0
3.0
3.0
5.0
3.0
3.0
5.0
3.0
3.0
3.0
3.0
3.0
3.0
3.0
2.0
3.0
3.0
2.0
3.0
3.0
3.0
3.0
3.0
2.0
3.0
4.0
3.0
3.0
3.0
2.0
2.0
3.0
3.0
4.0
5.0
3.0
2.0
3.0
2.0
3.0
3.0
2.0
2.0
3.0
4.0
3.0
5.0
3.0
3.0
2.0
3.0
2.0
2.0
2.0
3.0
4.0
3.0
3.0
5.0
3.0
3.0
3.0
4.0
2.0
3.0
4.0
6.0
3.0
1.0
4.0
4.0
3.0
2.0
3.0
3.0
2.0
4.0
3.0
4.0
3.0
5.0
2.0
4.0
3.0
2.0
2.0
3.0
4.0
3.0
4.0
3.0
3.0
3.0
2.0
2.0
3.0
2.0
4.0
2.0
3.0
3.0
3.0
3.0
3.0
4.0
3.0
3.0
4.0
3.0
3.0
3.0
3.0
3.0
3.0
4.0
3.0
3.0
3.0
3.0
3.0
3.0
3.0
4.0
8.0
3.0
4.0
3.0
2.0
3.0
3.0
4.0
3.0
4.0
3.0
5.0
1.0
3.0
3.0
3.0
4.0
1.0
2.0
3.0
3.0
2.0
3.0
3.0
3.0
4.0
3.0
3.0
2.0
3.0
3.0
4.0
3.0
4.0
3.0
3.0
3.0
3.0
3.0
3.0
3.0
3.0
4.0
3.0
3.0
2.0
1.0
3.0
2.0
2.0
3.0
3.0
3.0
3.0
3.0
2.0
3.0
3.0
3.0
2.0
3.0
2.0
2.0
3.0
3.0
3.0
4.0
4.0
3.0
3.0
4.0
4.0
3.0
3.0
3.0
3.0
2.0
4.0
4.0
2.0
3.0
4.0
3.0
3.0
5.0
3.0
2.0
4.0
3.0
3.0
2.0
4.0
3.0
3.0
2.0
4.0
3.0
3.0
3.0
3.0
4.0
3.0
2.0
3.0
4.0
3.0
3.0
3.0
3.0
2.0
4.0
2.0
2.0
2.0
4.0
5.0
3.0
2.0
2.0
3.0
2.0
2.0
3.0
3.0
4.0
3.0
1.0
4.0
4.0
2.0
3.0
3.0
4.0
3.0
2.0
3.0
3.0
3.0
3.0
2.0
4.0
3.0
3.0
3.0
2.0
3.0
3.0
3.0
3.0
3.0
2.0
3.0
3.0
4.0
2.0
4.0
4.0
3.0
3.0
2.0
2.0
3.0
3.0
3.0
3.0
3.0
4.0
2.0
3.0
3.0
3.0
3.0
3.0
2.0
2.0
3.0
2.0
3.0
5.0
3.0
3.0
3.0
4.0
3.0
3.0
3.0
3.0
3.0
3.0
3.0
3.0
1.0
3.0
5.0
3.0
3.0
3.0
4.0
3.0
3.0
2.0
3.0
3.0
3.0
3.0
3.0
2.0
3.0
1.0
3.0
3.0
3.0
4.0
4.0
3.0
3.0
4.0
4.0
2.0
3.0
3.0
3.0
3.0
2.0
4.0
4.0
2.0
3.0
3.0
3.0
3.0
2.0
3.0
3.0
1.0
4.0
4.0
3.0
4.0
3.0
2.0
3.0
1.0
3.0
2.0
3.0
4.0
3.0
4.0
3.0
2.0
3.0
2.0
4.0
3.0
1.0
3.0
3.0
4.0
3.0
3.0
3.0
3.0
3.0
4.0
3.0
3.0
3.0
4.0
3.0
3.0
3.0
2.0
3.0
4.0
4.0
2.0
3.0
3.0
4.0
3.0
3.0
2.0
4.0
3.0
3.0
3.0
3.0
3.0
3.0
3.0
3.0
3.0
3.0
3.0
3.0
3.0
3.0
3.0
3.0
3.0
3.0
1.0
3.0
3.0
5.0
4.0
2.0
3.0
3.0
3.0
3.0
3.0
4.0
3.0
3.0
2.0
2.0
3.0
2.0
4.0
3.0
4.0
3.0
3.0
3.0
4.0
4.0
4.0
3.0
3.0
3.0
2.0
3.0
3.0
3.0
3.0
2.0
3.0
2.0
2.0
3.0
3.0
4.0
4.0
2.0
3.0
3.0
3.0
3.0
3.0
3.0
3.0
3.0
3.0
2.0
3.0
3.0
5.0
2.0
3.0
3.0
3.0
2.0
4.0
3.0
4.0
4.0
3.0
3.0
2.0
3.0
2.0
3.0
3.0
2.0
3.0
3.0
4.0
4.0
4.0
3.0
2.0
3.0
3.0
2.0
3.0
3.0
3.0
3.0
3.0
3.0
3.0
2.0
3.0
3.0
2.0
4.0
3.0
2.0
3.0
3.0
4.0
4.0
2.0
2.0
2.0
4.0
4.0
3.0
2.0
4.0
1.0
3.0
3.0
3.0
3.0
3.0
3.0
2.0
4.0
3.0
3.0
3.0
3.0
3.0
3.0
2.0
4.0
3.0
3.0
3.0
2.0
4.0
4.0
4.0
4.0
1.0
5.0
3.0
3.0
3.0
3.0
1.0
3.0
3.0
3.0
2.0
3.0
3.0
4.0
3.0
3.0
3.0
4.0
3.0
3.0
3.0
3.0
3.0
3.0
3.0
3.0
3.0
5.0
3.0
2.0
3.0
3.0
4.0
4.0
3.0
2.0
2.0
3.0
3.0
3.0
2.0
3.0
3.0
4.0
3.0
1.0
4.0
3.0
3.0
4.0
2.0
3.0
3.0
2.0
3.0
3.0
3.0
2.0
3.0
3.0
3.0
3.0
3.0
3.0
3.0
2.0
3.0
3.0
2.0
3.0
3.0
3.0
3.0
4.0
4.0
3.0
2.0
3.0
3.0
4.0
3.0
4.0
3.0
2.0
3.0
2.0
3.0
3.0
5.0
3.0
3.0
3.0
1.0
3.0
3.0
2.0
3.0
3.0
3.0
2.0
2.0
2.0
3.0
3.0
3.0
5.0
2.0
3.0
3.0
2.0
4.0
4.0
3.0
3.0
3.0
3.0
2.0
1.0
5.0
3.0
3.0
2.0
3.0
3.0
3.0
3.0
3.0
3.0
3.0
2.0
3.0
3.0
2.0
2.0
3.0
2.0
3.0
4.0
2.0
5.0
8.0
2.0
5.0
3.0
3.0
3.0
4.0
2.0
3.0
3.0
4.0
3.0
4.0
2.0
3.0
3.0
5.0
3.0
4.0
3.0
3.0
3.0
2.0
4.0
2.0
2.0
4.0
3.0
3.0
5.0
3.0
3.0
3.0
3.0
3.0
4.0
2.0
3.0
4.0
5.0
3.0
3.0
3.0
4.0
3.0
2.0
2.0
3.0
3.0
3.0
3.0
3.0
2.0
3.0
2.0
3.0
3.0
4.0
4.0
3.0
3.0
3.0
3.0
3.0
3.0
3.0
5.0
4.0
3.0
3.0
3.0
4.0
3.0
2.0
2.0
3.0
3.0
3.0
3.0
4.0
3.0
5.0
3.0
2.0
3.0
3.0
3.0
3.0
3.0
1.0
4.0
3.0
3.0
1.0
4.0
3.0
5.0
3.0
5.0
2.0
3.0
5.0
2.0
4.0
2.0
3.0
3.0
3.0
1.0
3.0
2.0
4.0
3.0
3.0
3.0
5.0
2.0
3.0
3.0
4.0
2.0
3.0
3.0
3.0
3.0
3.0
3.0
2.0
3.0
3.0
5.0
3.0
3.0
3.0
3.0
3.0
3.0
3.0
3.0
2.0
4.0
3.0
3.0
3.0
4.0
3.0
3.0
3.0
3.0
3.0
3.0
2.0
4.0
3.0
2.0
3.0
4.0
4.0
5.0
3.0
1.0
2.0
2.0
3.0
2.0
4.0
3.0
3.0
3.0
2.0
3.0
4.0
3.0
2.0
3.0
4.0
3.0
3.0
2.0
3.0
3.0
3.0
4.0
3.0
2.0
2.0
3.0
2.0
3.0
4.0
4.0
1.0
3.0
2.0
3.0
3.0
4.0
4.0
2.0
4.0
3.0
3.0
4.0
3.0
2.0
4.0
4.0
3.0
2.0
3.0
6.0
3.0
4.0
4.0
3.0
3.0
1.0
3.0
3.0
6.0
4.0
2.0
3.0
2.0
3.0
3.0
2.0
3.0
3.0
3.0
3.0
3.0
3.0
3.0
2.0
2.0
3.0
3.0
3.0
3.0
2.0
2.0
4.0
5.0
3.0
3.0
3.0
3.0
3.0
3.0
3.0
3.0
3.0
2.0
2.0
3.0
2.0
5.0
2.0
3.0
3.0
3.0
3.0
5.0
3.0
1.0
3.0
1.0
3.0
3.0
3.0
2.0
3.0
3.0
3.0
2.0
4.0
3.0
3.0
2.0
4.0
3.0
4.0
2.0
3.0
3.0
3.0
3.0
2.0
3.0
3.0
4.0
3.0
2.0
3.0
3.0
3.0
3.0
2.0
3.0
3.0
3.0
3.0
4.0
2.0
4.0
1.0
1.0
3.0
3.0
3.0
2.0
3.0
2.0
2.0
3.0
3.0
4.0
4.0
3.0
3.0
1.0
3.0
4.0
3.0
3.0
3.0
4.0
3.0
3.0
1.0
3.0
5.0
3.0
3.0
2.0
5.0
3.0
3.0
3.0
3.0
1.0
2.0
3.0
3.0
3.0
2.0
4.0
3.0
3.0
3.0
2.0
3.0
3.0
3.0
5.0
3.0
3.0
4.0
1.0
3.0
2.0
4.0
3.0
1.0
2.0
4.0
1.0
2.0
3.0
3.0
3.0
3.0
3.0
3.0
1.0
3.0
4.0
2.0
3.0
4.0
3.0
3.0
3.0
2.0
3.0
3.0
3.0
2.0
3.0
3.0
3.0
3.0
4.0
4.0
1.0
3.0
3.0
4.0
3.0
3.0
4.0
4.0
3.0
3.0
3.0
2.0
3.0
4.0
3.0
3.0
3.0
3.0
3.0
3.0
3.0
2.0
4.0
2.0
4.0
3.0
2.0
3.0
3.0
4.0
3.0
4.0
3.0
3.0
3.0
2.0
3.0
3.0
3.0
3.0
3.0
4.0
2.0
3.0
4.0
3.0
3.0
4.0
3.0
3.0
3.0
4.0
2.0
3.0
4.0
3.0
3.0
2.0
2.0
3.0
3.0
3.0
3.0
3.0
3.0
3.0
5.0
3.0
5.0
3.0
3.0
3.0
3.0
1.0
3.0
4.0
3.0
3.0
3.0
5.0
4.0
3.0
3.0
3.0
3.0
3.0
3.0
1.0
3.0
3.0
4.0
4.0
3.0
1.0
3.0
3.0
5.0
3.0
3.0
3.0
5.0
2.0
3.0
3.0
3.0
3.0
2.0
3.0
3.0
3.0
4.0
3.0
4.0
3.0
3.0
2.0
3.0
3.0
3.0
4.0
3.0
4.0
3.0
3.0
3.0
4.0
5.0
3.0
3.0
3.0
3.0
2.0
3.0
3.0
3.0
3.0
3.0
2.0
3.0
6.0
2.0
4.0
2.0
3.0
3.0
5.0
2.0
3.0
3.0
2.0
3.0
2.0
3.0
3.0
3.0
4.0
2.0
4.0
3.0
3.0
3.0
3.0
3.0
3.0
1.0
2.0
3.0
3.0
3.0
4.0
3.0
3.0
2.0
4.0
2.0
3.0
3.0
3.0
4.0
3.0
4.0
3.0
3.0
5.0
3.0
4.0
4.0
3.0
2.0
3.0
3.0
3.0
3.0
2.0
1.0
3.0
1.0
6.0
5.0
2.0
3.0
3.0
3.0
3.0
2.0
3.0
2.0
3.0
4.0
3.0
2.0
4.0
3.0
3.0
3.0
3.0
3.0
3.0
3.0
3.0
3.0
2.0
3.0
4.0
2.0
3.0
2.0
2.0
5.0
2.0
1.0
3.0
3.0
3.0
3.0
2.0
3.0
4.0
2.0
4.0
3.0
4.0
3.0
3.0
3.0
4.0
3.0
4.0
5.0
3.0
3.0
1.0
3.0
4.0
4.0
3.0
3.0
3.0
3.0
2.0
5.0
4.0
2.0
4.0
3.0
3.0
2.0
3.0
3.0
4.0
3.0
3.0
2.0
3.0
3.0
2.0
4.0
3.0
4.0
2.0
4.0
2.0
2.0
3.0
3.0
3.0
3.0
2.0
3.0
2.0
3.0
3.0
3.0
4.0
2.0
3.0
4.0
3.0
4.0
3.0
4.0
1.0
3.0
4.0
3.0
2.0
3.0
3.0
4.0
3.0
3.0
5.0
5.0
2.0
3.0
4.0
3.0
3.0
5.0
3.0
3.0
3.0
3.0
3.0
3.0
3.0
4.0
4.0
4.0
3.0
2.0
3.0
3.0
4.0
4.0
6.0
3.0
4.0
3.0
1.0
4.0
5.0
3.0
4.0
3.0
2.0
3.0
4.0
4.0
5.0
3.0
3.0
3.0
2.0
3.0
3.0
2.0
2.0
3.0
3.0
3.0
3.0
1.0
3.0
3.0
5.0
3.0
3.0
3.0
5.0
2.0
5.0
4.0
3.0
4.0
3.0
4.0
3.0
3.0
1.0
3.0
5.0
1.0
3.0
4.0
2.0
3.0
2.0
3.0
3.0
4.0
3.0
3.0
3.0
4.0
3.0
3.0
3.0
3.0
3.0
3.0
3.0
3.0
3.0
2.0
3.0
4.0
3.0
3.0
3.0
3.0
3.0
3.0
3.0
2.0
3.0
4.0
3.0
3.0
4.0
2.0
2.0
4.0
2.0
3.0
3.0
3.0
3.0
4.0
3.0
3.0
2.0
3.0
4.0
4.0
4.0
3.0
2.0
3.0
3.0
4.0
3.0
2.0
3.0
3.0
3.0
3.0
4.0
3.0
3.0
3.0
3.0
2.0
3.0
3.0
4.0
2.0
5.0
3.0
3.0
3.0
3.0
3.0
3.0
3.0
3.0
3.0
2.0
3.0
3.0
2.0
3.0
2.0
3.0
3.0
2.0
3.0
3.0
4.0
3.0
4.0
4.0
3.0
3.0
4.0
3.0
3.0
3.0
3.0
3.0
2.0
3.0
1.0
3.0
3.0
3.0
4.0
3.0
3.0
3.0
6.0
3.0
3.0
3.0
4.0
3.0
3.0
3.0
3.0
2.0
4.0
4.0
2.0
3.0
3.0
4.0
2.0
4.0
2.0
3.0
4.0
5.0
1.0
2.0
4.0
4.0
3.0
2.0
3.0
2.0
4.0
4.0
2.0
3.0
4.0
4.0
3.0
3.0
3.0
3.0
3.0
3.0
4.0
3.0
3.0
4.0
3.0
3.0
2.0
2.0
3.0
3.0
2.0
1.0
2.0
3.0
3.0
3.0
1.0
5.0
4.0
3.0
3.0
3.0
3.0
3.0
3.0
4.0
3.0
2.0
3.0
3.0
4.0
5.0
4.0
3.0
3.0
3.0
1.0
2.0
3.0
3.0
2.0
5.0
3.0
3.0
3.0
3.0
3.0
4.0
3.0
5.0
2.0
4.0
3.0
3.0
3.0
5.0
2.0
3.0
3.0
3.0
3.0
3.0
3.0
4.0
3.0
3.0
4.0
2.0
4.0
3.0
3.0
4.0
3.0
3.0
5.0
3.0
3.0
3.0
3.0
4.0
2.0
3.0
1.0
2.0
3.0
5.0
3.0
3.0
3.0
3.0
3.0
1.0
3.0
2.0
4.0
3.0
2.0
3.0
2.0
3.0
3.0
3.0
3.0
5.0
3.0
5.0
2.0
5.0
3.0
4.0
2.0
3.0
3.0
4.0
3.0
3.0
3.0
3.0
4.0
3.0
3.0
3.0
2.0
3.0
3.0
3.0
3.0
3.0
3.0
6.0
3.0
2.0
3.0
2.0
3.0
3.0
3.0
3.0
3.0
2.0
5.0
3.0
4.0
3.0
3.0
5.0
1.0
5.0
3.0
3.0
3.0
4.0
5.0
5.0
2.0
3.0
4.0
3.0
3.0
4.0
3.0
3.0
3.0
5.0
3.0
3.0
3.0
3.0
3.0
3.0
4.0
3.0
2.0
5.0
4.0
3.0
4.0
2.0
3.0
2.0
2.0
4.0
3.0
4.0
3.0
2.0
3.0
3.0
3.0
3.0
5.0
2.0
2.0
3.0
3.0
3.0
3.0
3.0
3.0
3.0
2.0
3.0
3.0
2.0
3.0
2.0
3.0
4.0
5.0
3.0
3.0
4.0
5.0
2.0
2.0
3.0
4.0
2.0
3.0
3.0
6.0
4.0
1.0
2.0
2.0
4.0
3.0
2.0
2.0
2.0
2.0
3.0
3.0
3.0
3.0
3.0
3.0
2.0
2.0
4.0
3.0
2.0
3.0
3.0
4.0
3.0
2.0
2.0
4.0
1.0
3.0
3.0
3.0
1.0
3.0
3.0
3.0
3.0
3.0
2.0
2.0
2.0
4.0
3.0
3.0
1.0
3.0
4.0
2.0
2.0
3.0
2.0
3.0
3.0
4.0
3.0
4.0
2.0
3.0
3.0
2.0
3.0
4.0
3.0
2.0
4.0
4.0
3.0
4.0
3.0
1.0
3.0
3.0
4.0
1.0
3.0
3.0
3.0
4.0
3.0
3.0
3.0
4.0
3.0
3.0
3.0
4.0
3.0
4.0
3.0
3.0
3.0
3.0
3.0
3.0
3.0
2.0
5.0
4.0
4.0
2.0
5.0
3.0
3.0
4.0
3.0
3.0
3.0
4.0
4.0
3.0
2.0
2.0
4.0
4.0
3.0
3.0
3.0
4.0
3.0
3.0
3.0
3.0
3.0
3.0
3.0
1.0
2.0
4.0
3.0
3.0
3.0
3.0
4.0
3.0
4.0
3.0
4.0
2.0
2.0
3.0
3.0
3.0
4.0
3.0
3.0
3.0
2.0
4.0
3.0
2.0
4.0
3.0
4.0
6.0
3.0
3.0
3.0
4.0
3.0
4.0
4.0
5.0
3.0
3.0
3.0
3.0
3.0
3.0
4.0
3.0
3.0
3.0
2.0
3.0
3.0
3.0
3.0
3.0
3.0
5.0
3.0
3.0
3.0
3.0
3.0
3.0
4.0
4.0
3.0
3.0
3.0
3.0
3.0
4.0
3.0
4.0
3.0
3.0
3.0
2.0
1.0
3.0
3.0
2.0
4.0
2.0
2.0
2.0
3.0
3.0
3.0
3.0
3.0
4.0
3.0
3.0
4.0
3.0
3.0
2.0
5.0
3.0
3.0
2.0
2.0
3.0
3.0
3.0
3.0
3.0
4.0
4.0
3.0
2.0
3.0
3.0
3.0
1.0
3.0
3.0
3.0
3.0
2.0
3.0
4.0
3.0
3.0
2.0
2.0
4.0
3.0
3.0
3.0
4.0
3.0
3.0
3.0
3.0
4.0
3.0
3.0
3.0
3.0
3.0
4.0
2.0
1.0
3.0
2.0
4.0
2.0
3.0
2.0
3.0
3.0
3.0
3.0
2.0
2.0
2.0
4.0
3.0
4.0
3.0
4.0
3.0
2.0
2.0
3.0
5.0
4.0
3.0
2.0
4.0
4.0
3.0
3.0
3.0
3.0
3.0
2.0
3.0
3.0
2.0
3.0
2.0
3.0
3.0
3.0
4.0
4.0
1.0
3.0
3.0
3.0
4.0
4.0
3.0
5.0
3.0
2.0
3.0
3.0
3.0
3.0
3.0
4.0
2.0
3.0
2.0
4.0
2.0
4.0
3.0
3.0
2.0
3.0
4.0
3.0
3.0
3.0
4.0
3.0
3.0
3.0
4.0
2.0
3.0
3.0
3.0
3.0
4.0
5.0
3.0
3.0
2.0
3.0
3.0
3.0
3.0
1.0
5.0
3.0
3.0
3.0
2.0
3.0
4.0
2.0
2.0
2.0
3.0
3.0
4.0
3.0
3.0
3.0
6.0
3.0
3.0
3.0
5.0
4.0
3.0
3.0
3.0
2.0
5.0
3.0
3.0
4.0
3.0
3.0
3.0
3.0
3.0
3.0
3.0
3.0
3.0
3.0
3.0
3.0
4.0
3.0
3.0
3.0
1.0
8.0
1.0
3.0
4.0
4.0
2.0
3.0
3.0
3.0
3.0
1.0
3.0
3.0
3.0
2.0
2.0
3.0
3.0
3.0
4.0
3.0
4.0
3.0
3.0
2.0
3.0
3.0
4.0
3.0
3.0
4.0
3.0
5.0
2.0
3.0
3.0
5.0
3.0
1.0
3.0
5.0
4.0
3.0
3.0
2.0
1.0
3.0
3.0
5.0
4.0
3.0
5.0
3.0
3.0
2.0
3.0
4.0
2.0
3.0
3.0
3.0
3.0
3.0
3.0
4.0
3.0
2.0
1.0
3.0
2.0
3.0
3.0
3.0
2.0
3.0
3.0
3.0
4.0
2.0
4.0
5.0
3.0
4.0
4.0
4.0
3.0
3.0
3.0
3.0
3.0
2.0
5.0
2.0
4.0
3.0
3.0
4.0
2.0
4.0
3.0
2.0
2.0
3.0
3.0
3.0
4.0
3.0
3.0
1.0
3.0
3.0
2.0
3.0
2.0
3.0
2.0
2.0
3.0
4.0
2.0
3.0
1.0
2.0
3.0
4.0
3.0
3.0
2.0
2.0
3.0
3.0
3.0
3.0
2.0
3.0
2.0
4.0
3.0
3.0
4.0
3.0
4.0
2.0
4.0
4.0
4.0
3.0
3.0
1.0
2.0
1.0
4.0
2.0
2.0
3.0
4.0
5.0
3.0
3.0
3.0
3.0
2.0
2.0
3.0
3.0
3.0
3.0
3.0
3.0
3.0
4.0
4.0
2.0
3.0
2.0
3.0
3.0
2.0
3.0
3.0
3.0
4.0
3.0
3.0
4.0
2.0
3.0
3.0
3.0
3.0
3.0
3.0
3.0
3.0
3.0
3.0
3.0
4.0
5.0
5.0
4.0
4.0
3.0
3.0
1.0
3.0
3.0
1.0
3.0
3.0
2.0
2.0
3.0
2.0
3.0
4.0
3.0
3.0
2.0
3.0
3.0
3.0
3.0
3.0
5.0
3.0
2.0
2.0
3.0
3.0
3.0
5.0
3.0
4.0
3.0
4.0
3.0
3.0
3.0
3.0
2.0
3.0
4.0
3.0
4.0
3.0
5.0
3.0
4.0
4.0
2.0
4.0
2.0
3.0
2.0
3.0
3.0
3.0
2.0
3.0
3.0
2.0
2.0
2.0
2.0
2.0
3.0
2.0
3.0
3.0
3.0
4.0
3.0
4.0
1.0
4.0
3.0
3.0
3.0
3.0
3.0
3.0
1.0
3.0
2.0
3.0
4.0
2.0
4.0
3.0
2.0
3.0
1.0
2.0
2.0
3.0
3.0
3.0
2.0
4.0
3.0
3.0
2.0
3.0
3.0
3.0
3.0
3.0
5.0
3.0
3.0
3.0
3.0
4.0
4.0
5.0
3.0
4.0
3.0
3.0
4.0
3.0
3.0
3.0
1.0
2.0
3.0
3.0
2.0
2.0
5.0
3.0
3.0
4.0
4.0
3.0
4.0
3.0
3.0
2.0
3.0
3.0
3.0
3.0
3.0
2.0
2.0
3.0
4.0
3.0
2.0
4.0
4.0
3.0
3.0
2.0
4.0
3.0
3.0
3.0
4.0
2.0
3.0
3.0
3.0
3.0
4.0
3.0
2.0
4.0
3.0
3.0
2.0
3.0
2.0
2.0
3.0
3.0
3.0
3.0
3.0
3.0
4.0
2.0
2.0
3.0
3.0
3.0
3.0
2.0
3.0
2.0
3.0
4.0
3.0
2.0
5.0
3.0
3.0
3.0
3.0
3.0
4.0
3.0
3.0
4.0
3.0
1.0
2.0
3.0
4.0
3.0
2.0
3.0
3.0
3.0
2.0
3.0
4.0
2.0
2.0
3.0
3.0
4.0
5.0
3.0
3.0
4.0
3.0
3.0
3.0
3.0
3.0
3.0
3.0
3.0
2.0
2.0
3.0
3.0
3.0
2.0
3.0
3.0
3.0
4.0
3.0
4.0
4.0
3.0
4.0
3.0
3.0
3.0
2.0
3.0
2.0
3.0
3.0
4.0
3.0
3.0
1.0
4.0
5.0
2.0
3.0
1.0
2.0
3.0
3.0
3.0
3.0
2.0
4.0
3.0
3.0
1.0
3.0
3.0
2.0
3.0
3.0
5.0
3.0
3.0
3.0
3.0
2.0
2.0
4.0
3.0
3.0
5.0
2.0
3.0
4.0
4.0
3.0
2.0
4.0
4.0
3.0
4.0
4.0
3.0
3.0
3.0
2.0
2.0
2.0
3.0
4.0
4.0
5.0
3.0
3.0
3.0
3.0
3.0
1.0
4.0
3.0
3.0
3.0
3.0
3.0
3.0
2.0
6.0
5.0
2.0
3.0
3.0
3.0
3.0
3.0
3.0
3.0
3.0
3.0
3.0
3.0
3.0
3.0
2.0
4.0
3.0
3.0
3.0
2.0
3.0
3.0
3.0
3.0
4.0
4.0
3.0
3.0
3.0
3.0
3.0
3.0
2.0
3.0
2.0
4.0
5.0
4.0
3.0
3.0
3.0
2.0
3.0
3.0
4.0
3.0
5.0
3.0
3.0
3.0
3.0
3.0
2.0
2.0
3.0
3.0
3.0
3.0
3.0
3.0
4.0
3.0
3.0
3.0
3.0
4.0
2.0
4.0
3.0
6.0
3.0
4.0
3.0
3.0
3.0
2.0
3.0
3.0
5.0
2.0
3.0
3.0
3.0
3.0
4.0
3.0
3.0
3.0
3.0
4.0
3.0
3.0
3.0
3.0
3.0
3.0
3.0
2.0
3.0
4.0
2.0
2.0
1.0
3.0
3.0
3.0
2.0
3.0
3.0
3.0
2.0
4.0
4.0
3.0
3.0
3.0
4.0
3.0
4.0
2.0
3.0
2.0
3.0
4.0
2.0
1.0
3.0
4.0
3.0
3.0
4.0
5.0
3.0
3.0
3.0
3.0
4.0
2.0
5.0
3.0
1.0
4.0
2.0
1.0
9.0
3.0
2.0
4.0
2.0
3.0
2.0
3.0
3.0
3.0
4.0
3.0
3.0
3.0
3.0
3.0
2.0
2.0
2.0
3.0
3.0
4.0
3.0
4.0
4.0
3.0
3.0
3.0
3.0
3.0
3.0
3.0
3.0
4.0
4.0
3.0
4.0
5.0
4.0
3.0
2.0
3.0
2.0
1.0
3.0
3.0
5.0
4.0
3.0
3.0
2.0
3.0
3.0
3.0
3.0
3.0
2.0
3.0
2.0
2.0
3.0
3.0
5.0
3.0
3.0
2.0
3.0
3.0
4.0
4.0
3.0
3.0
3.0
3.0
2.0
4.0
4.0
4.0
3.0
3.0
3.0
3.0
3.0
3.0
5.0
3.0
3.0
3.0
3.0
3.0
3.0
2.0
3.0
3.0
4.0
3.0
2.0
4.0
1.0
3.0
3.0
3.0
3.0
3.0
3.0
3.0
3.0
5.0
3.0
3.0
3.0
5.0
2.0
4.0
2.0
2.0
3.0
3.0
5.0
3.0
3.0
4.0
3.0
3.0
3.0
2.0
4.0
3.0
4.0
5.0
5.0
3.0
4.0
3.0
3.0
4.0
3.0
1.0
2.0
3.0
4.0
3.0
3.0
2.0
2.0
2.0
4.0
5.0
3.0
3.0
3.0
3.0
3.0
2.0
4.0
3.0
3.0
3.0
4.0
3.0
4.0
3.0
4.0
3.0
2.0
3.0
2.0
3.0
3.0
4.0
3.0
3.0
3.0
3.0
4.0
5.0
3.0
3.0
3.0
3.0
3.0
4.0
3.0
3.0
3.0
3.0
2.0
2.0
2.0
3.0
3.0
2.0
2.0
3.0
4.0
2.0
3.0
3.0
3.0
3.0
3.0
3.0
3.0
3.0
4.0
5.0
2.0
4.0
3.0
3.0
4.0
3.0
3.0
3.0
3.0
3.0
2.0
4.0
1.0
3.0
3.0
3.0
5.0
3.0
4.0
2.0
4.0
3.0
3.0
4.0
3.0
3.0
3.0
3.0
3.0
3.0
3.0
3.0
2.0
3.0
3.0
4.0
3.0
2.0
3.0
3.0
3.0
3.0
3.0
2.0
3.0
3.0
3.0
3.0
4.0
3.0
2.0
4.0
2.0
4.0
3.0
4.0
4.0
3.0
3.0
3.0
1.0
2.0
3.0
2.0
2.0
3.0
4.0
3.0
4.0
3.0
3.0
4.0
2.0
2.0
3.0
3.0
3.0
3.0
3.0
4.0
4.0
3.0
3.0
5.0
3.0
3.0
2.0
2.0
3.0
2.0
3.0
3.0
3.0
3.0
3.0
5.0
3.0
3.0
4.0
4.0
3.0
3.0
2.0
3.0
3.0
4.0
3.0
3.0
3.0
3.0
3.0
3.0
3.0
2.0
3.0
3.0
3.0
3.0
3.0
4.0
3.0
3.0
4.0
2.0
2.0
3.0
3.0
4.0
3.0
3.0
3.0
3.0
3.0
3.0
3.0
3.0
3.0
3.0
4.0
5.0
3.0
3.0
3.0
3.0
5.0
3.0
2.0
3.0
2.0
2.0
3.0
3.0
3.0
2.0
2.0
3.0
3.0
3.0
3.0
3.0
3.0
0.0
4.0
3.0
3.0
3.0
4.0
4.0
3.0
3.0
3.0
4.0
3.0
3.0
4.0
3.0
3.0
2.0
3.0
3.0
4.0
3.0
3.0
3.0
4.0
3.0
3.0
2.0
4.0
3.0
4.0
3.0
3.0
3.0
3.0
4.0
2.0
3.0
3.0
3.0
3.0
3.0
5.0
3.0
2.0
4.0
3.0
3.0
2.0
3.0
2.0
4.0
4.0
2.0
3.0
4.0
4.0
3.0
2.0
3.0
4.0
3.0
4.0
2.0
4.0
2.0
4.0
3.0
3.0
4.0
5.0
3.0
3.0
3.0
2.0
3.0
3.0
2.0
3.0
3.0
4.0
2.0
3.0
3.0
3.0
4.0
3.0
3.0
3.0
2.0
4.0
5.0
3.0
2.0
5.0
3.0
4.0
3.0
3.0
4.0
3.0
3.0
3.0
3.0
2.0
3.0
3.0
4.0
4.0
3.0
4.0
5.0
3.0
3.0
2.0
4.0
3.0
2.0
3.0
3.0
3.0
4.0
3.0
3.0
5.0
3.0
3.0
3.0
2.0
3.0
6.0
4.0
1.0
3.0
3.0
3.0
4.0
3.0
3.0
2.0
4.0
3.0
3.0
3.0
3.0
3.0
2.0
3.0
3.0
3.0
3.0
3.0
3.0
3.0
3.0
4.0
2.0
4.0
3.0
3.0
4.0
3.0
4.0
3.0
3.0
3.0
3.0
3.0
3.0
2.0
3.0
3.0
3.0
3.0
3.0
3.0
2.0
4.0
2.0
3.0
3.0
5.0
3.0
2.0
3.0
3.0
3.0
2.0
3.0
3.0
3.0
2.0
3.0
2.0
2.0
2.0
3.0
3.0
3.0
2.0
3.0
4.0
3.0
3.0
3.0
4.0
4.0
3.0
3.0
4.0
4.0
3.0
3.0
3.0
2.0
3.0
3.0
3.0
4.0
3.0
3.0
3.0
3.0
3.0
3.0
3.0
2.0
2.0
3.0
3.0
3.0
2.0
3.0
3.0
2.0
3.0
3.0
2.0
3.0
2.0
3.0
3.0
3.0
2.0
2.0
3.0
4.0
4.0
4.0
3.0
3.0
3.0
3.0
4.0
2.0
3.0
4.0
5.0
3.0
3.0
3.0
2.0
3.0
4.0
3.0
2.0
5.0
3.0
5.0
2.0
5.0
3.0
3.0
3.0
3.0
2.0
3.0
3.0
4.0
5.0
2.0
2.0
3.0
2.0
3.0
3.0
3.0
2.0
3.0
2.0
3.0
4.0
3.0
2.0
3.0
3.0
3.0
1.0
3.0
2.0
3.0
4.0
2.0
3.0
3.0
3.0
3.0
3.0
5.0
3.0
1.0
4.0
4.0
5.0
4.0
3.0
3.0
2.0
3.0
3.0
2.0
3.0
4.0
2.0
2.0
3.0
4.0
3.0
3.0
3.0
3.0
3.0
4.0
3.0
3.0
3.0
3.0
4.0
3.0
4.0
1.0
2.0
4.0
3.0
2.0
3.0
4.0
4.0
3.0
3.0
3.0
3.0
3.0
3.0
3.0
3.0
3.0
3.0
3.0
3.0
3.0
2.0
5.0
2.0
3.0
3.0
3.0
4.0
2.0
3.0
3.0
2.0
3.0
2.0
3.0
4.0
3.0
3.0
2.0
3.0
4.0
3.0
3.0
3.0
3.0
3.0
6.0
3.0
3.0
2.0
4.0
3.0
2.0
3.0
1.0
2.0
3.0
3.0
3.0
4.0
3.0
3.0
3.0
4.0
3.0
4.0
4.0
2.0
3.0
3.0
4.0
4.0
3.0
3.0
3.0
4.0
2.0
3.0
2.0
3.0
3.0
3.0
3.0
3.0
5.0
3.0
4.0
2.0
3.0
3.0
3.0
5.0
3.0
3.0
3.0
4.0
2.0
4.0
5.0
3.0
4.0
3.0
3.0
2.0
3.0
3.0
4.0
3.0
4.0
3.0
4.0
4.0
2.0
4.0
4.0
2.0
3.0
3.0
3.0
2.0
3.0
1.0
3.0
3.0
3.0
3.0
4.0
2.0
2.0
2.0
4.0
2.0
2.0
3.0
2.0
3.0
3.0
2.0
2.0
3.0
2.0
3.0
1.0
3.0
3.0
3.0
2.0
3.0
4.0
3.0
2.0
3.0
3.0
2.0
3.0
2.0
3.0
3.0
2.0
3.0
3.0
6.0
2.0
4.0
3.0
2.0
2.0
2.0
3.0
2.0
2.0
3.0
4.0
2.0
4.0
3.0
3.0
4.0
3.0
3.0
3.0
4.0
2.0
3.0
5.0
3.0
4.0
3.0
3.0
3.0
2.0
3.0
4.0
4.0
3.0
3.0
5.0
3.0
2.0
3.0
3.0
4.0
3.0
2.0
2.0
3.0
3.0
2.0
3.0
3.0
3.0
3.0
2.0
3.0
3.0
3.0
3.0
1.0
3.0
3.0
2.0
3.0
3.0
4.0
3.0
3.0
2.0
3.0
4.0
2.0
4.0
3.0
3.0
4.0
2.0
3.0
3.0
3.0
3.0
4.0
3.0
3.0
3.0
3.0
4.0
3.0
1.0
5.0
3.0
3.0
2.0
3.0
3.0
2.0
3.0
3.0
3.0
2.0
4.0
3.0
3.0
2.0
4.0
4.0
3.0
4.0
2.0
3.0
2.0
4.0
3.0
3.0
3.0
3.0
3.0
3.0
5.0
3.0
3.0
3.0
4.0
4.0
3.0
2.0
3.0
3.0
4.0
3.0
3.0
4.0
2.0
4.0
3.0
2.0
3.0
2.0
4.0
4.0
3.0
3.0
2.0
3.0
2.0
3.0
3.0
3.0
2.0
3.0
3.0
3.0
3.0
3.0
1.0
4.0
3.0
1.0
2.0
4.0
4.0
3.0
1.0
4.0
4.0
3.0
3.0
4.0
1.0
3.0
4.0
3.0
3.0
4.0
3.0
3.0
4.0
3.0
2.0
3.0
4.0
3.0
3.0
4.0
3.0
3.0
3.0
4.0
3.0
3.0
4.0
3.0
3.0
2.0
3.0
3.0
4.0
3.0
3.0
3.0
3.0
2.0
3.0
4.0
3.0
3.0
4.0
3.0
1.0
3.0
4.0
3.0
3.0
2.0
3.0
5.0
1.0
3.0
3.0
3.0
4.0
2.0
3.0
2.0
3.0
4.0
4.0
2.0
3.0
1.0
5.0
4.0
2.0
3.0
2.0
2.0
3.0
2.0
3.0
3.0
4.0
3.0
1.0
4.0
1.0
2.0
5.0
3.0
2.0
3.0
3.0
3.0
3.0
3.0
2.0
4.0
4.0
3.0
3.0
2.0
3.0
8.0
2.0
3.0
4.0
3.0
3.0
4.0
3.0
3.0
4.0
3.0
4.0
3.0
4.0
2.0
3.0
3.0
3.0
2.0
3.0
3.0
3.0
3.0
3.0
4.0
2.0
3.0
4.0
3.0
3.0
3.0
2.0
3.0
5.0
4.0
3.0
4.0
3.0
3.0
2.0
4.0
4.0
3.0
3.0
4.0
2.0
3.0
3.0
3.0
2.0
3.0
3.0
4.0
2.0
7.0
3.0
3.0
3.0
3.0
3.0
3.0
3.0
2.0
3.0
3.0
3.0
2.0
3.0
2.0
4.0
4.0
4.0
3.0
3.0
3.0
3.0
3.0
3.0
4.0
3.0
3.0
2.0
4.0
3.0
3.0
3.0
4.0
3.0
3.0
3.0
4.0
3.0
4.0
3.0
2.0
3.0
3.0
2.0
2.0
3.0
3.0
1.0
3.0
3.0
3.0
3.0
3.0
3.0
2.0
3.0
1.0
3.0
3.0
5.0
2.0
4.0
3.0
3.0
3.0
4.0
3.0
3.0
3.0
3.0
4.0
3.0
3.0
3.0
3.0
2.0
3.0
5.0
3.0
3.0
3.0
2.0
3.0
3.0
3.0
3.0
4.0
4.0
4.0
3.0
4.0
3.0
3.0
3.0
3.0
3.0
4.0
3.0
3.0
3.0
3.0
3.0
3.0
4.0
3.0
3.0
3.0
2.0
3.0
3.0
2.0
3.0
3.0
3.0
2.0
3.0
3.0
3.0
3.0
2.0
2.0
2.0
4.0
4.0
4.0
4.0
3.0
3.0
1.0
3.0
3.0
3.0
5.0
3.0
4.0
4.0
3.0
3.0
3.0
3.0
3.0
3.0
5.0
3.0
3.0
3.0
2.0
3.0
3.0
2.0
3.0
3.0
4.0
3.0
3.0
3.0
5.0
3.0
3.0
3.0
3.0
3.0
1.0
3.0
4.0
3.0
3.0
2.0
4.0
2.0
3.0
3.0
3.0
3.0
3.0
1.0
3.0
3.0
3.0
3.0
3.0
3.0
4.0
2.0
3.0
4.0
4.0
3.0
2.0
3.0
3.0
2.0
3.0
3.0
4.0
4.0
3.0
3.0
3.0
2.0
4.0
5.0
5.0
2.0
3.0
2.0
3.0
3.0
3.0
2.0
3.0
3.0
3.0
3.0
2.0
3.0
3.0
3.0
2.0
4.0
3.0
4.0
3.0
2.0
3.0
4.0
4.0
3.0
3.0
3.0
3.0
4.0
3.0
5.0
3.0
2.0
3.0
3.0
2.0
3.0
2.0
2.0
3.0
2.0
2.0
2.0
3.0
3.0
3.0
3.0
3.0
4.0
5.0
4.0
4.0
3.0
4.0
3.0
3.0
3.0
2.0
4.0
3.0
3.0
2.0
3.0
3.0
3.0
2.0
3.0
5.0
2.0
3.0
4.0
5.0
3.0
3.0
3.0
3.0
1.0
4.0
2.0
3.0
3.0
2.0
3.0
1.0
3.0
4.0
3.0
3.0
3.0
3.0
3.0
4.0
4.0
2.0
3.0
3.0
3.0
3.0
3.0
3.0
3.0
3.0
1.0
3.0
3.0
3.0
3.0
4.0
3.0
3.0
4.0
3.0
3.0
3.0
3.0
1.0
3.0
4.0
4.0
4.0
3.0
3.0
4.0
3.0
3.0
1.0
2.0
5.0
2.0
4.0
5.0
4.0
3.0
4.0
5.0
3.0
4.0
2.0
2.0
4.0
4.0
2.0
3.0
2.0
3.0
3.0
3.0
3.0
3.0
3.0
2.0
3.0
4.0
2.0
3.0
3.0
2.0
4.0
3.0
2.0
3.0
4.0
5.0
3.0
3.0
5.0
2.0
3.0
2.0
3.0
3.0
3.0
3.0
3.0
3.0
3.0
3.0
3.0
2.0
2.0
4.0
4.0
3.0
4.0
3.0
3.0
3.0
3.0
2.0
4.0
3.0
3.0
3.0
3.0
2.0
3.0
1.0
3.0
3.0
5.0
3.0
2.0
3.0
3.0
3.0
4.0
2.0
5.0
3.0
3.0
4.0
3.0
5.0
2.0
1.0
5.0
3.0
3.0
3.0
4.0
3.0
4.0
3.0
2.0
3.0
3.0
2.0
4.0
2.0
2.0
3.0
1.0
4.0
3.0
3.0
4.0
3.0
4.0
2.0
5.0
3.0
3.0
3.0
3.0
3.0
3.0
4.0
3.0
3.0
3.0
3.0
2.0
3.0
3.0
2.0
4.0
3.0
3.0
3.0
3.0
3.0
3.0
3.0
3.0
4.0
4.0
3.0
2.0
3.0
3.0
3.0
2.0
4.0
3.0
3.0
2.0
3.0
3.0
4.0
3.0
4.0
3.0
3.0
3.0
2.0
5.0
3.0
2.0
4.0
4.0
4.0
3.0
3.0
3.0
3.0
3.0
3.0
4.0
3.0
3.0
3.0
2.0
3.0
3.0
3.0
2.0
3.0
4.0
3.0
2.0
3.0
4.0
3.0
3.0
2.0
3.0
4.0
3.0
3.0
3.0
4.0
3.0
3.0
3.0
4.0
3.0
3.0
2.0
3.0
3.0
3.0
3.0
3.0
3.0
3.0
2.0
3.0
3.0
3.0
2.0
3.0
3.0
4.0
3.0
3.0
3.0
4.0
3.0
2.0
3.0
4.0
3.0
3.0
3.0
2.0
5.0
2.0
4.0
3.0
2.0
4.0
3.0
3.0
3.0
5.0
3.0
3.0
4.0
3.0
3.0
3.0
2.0
3.0
2.0
3.0
3.0
3.0
4.0
2.0
4.0
4.0
2.0
3.0
3.0
3.0
3.0
3.0
3.0
4.0
3.0
3.0
3.0
4.0
3.0
3.0
3.0
3.0
2.0
3.0
3.0
3.0
3.0
3.0
3.0
3.0
2.0
5.0
3.0
4.0
3.0
4.0
3.0
2.0
4.0
3.0
3.0
3.0
3.0
2.0
4.0
2.0
3.0
3.0
3.0
3.0
3.0
3.0
3.0
1.0
3.0
2.0
3.0
1.0
3.0
5.0
3.0
2.0
4.0
1.0
3.0
3.0
5.0
2.0
4.0
5.0
4.0
4.0
3.0
3.0
3.0
3.0
4.0
2.0
3.0
4.0
3.0
4.0
2.0
3.0
3.0
3.0
1.0
4.0
3.0
2.0
3.0
5.0
3.0
3.0
4.0
3.0
3.0
3.0
3.0
4.0
5.0
2.0
3.0
2.0
3.0
2.0
3.0
3.0
4.0
2.0
4.0
2.0
5.0
2.0
3.0
4.0
3.0
4.0
3.0
2.0
3.0
3.0
4.0
3.0
2.0
3.0
4.0
3.0
3.0
3.0
3.0
2.0
3.0
4.0
3.0
3.0
3.0
3.0
4.0
3.0
3.0
3.0
4.0
1.0
3.0
3.0
3.0
3.0
3.0
3.0
5.0
4.0
3.0
4.0
6.0
3.0
3.0
3.0
7.0
7.0
4.0
3.0
3.0
3.0
3.0
3.0
3.0
2.0
2.0
4.0
3.0
3.0
2.0
2.0
3.0
3.0
3.0
4.0
3.0
3.0
2.0
3.0
3.0
2.0
4.0
3.0
6.0
3.0
3.0
3.0
3.0
3.0
3.0
2.0
2.0
3.0
3.0
3.0
3.0
3.0
4.0
3.0
3.0
3.0
3.0
5.0
3.0
3.0
3.0
3.0
3.0
3.0
3.0
3.0
3.0
3.0
2.0
2.0
2.0
3.0
3.0
2.0
3.0
2.0
2.0
3.0
4.0
3.0
3.0
3.0
3.0
3.0
3.0
3.0
2.0
3.0
2.0
3.0
4.0
3.0
3.0
4.0
1.0
3.0
4.0
3.0
3.0
3.0
3.0
4.0
3.0
2.0
3.0
2.0
3.0
3.0
3.0
4.0
4.0
2.0
2.0
3.0
4.0
4.0
3.0
3.0
2.0
3.0
2.0
3.0
2.0
3.0
3.0
4.0
3.0
2.0
4.0
3.0
3.0
4.0
3.0
5.0
3.0
3.0
3.0
3.0
3.0
2.0
3.0
3.0
4.0
4.0
4.0
3.0
2.0
2.0
5.0
4.0
3.0
3.0
2.0
4.0
3.0
3.0
1.0
3.0
3.0
3.0
3.0
3.0
4.0
3.0
3.0
5.0
3.0
3.0
2.0
4.0
3.0
3.0
4.0
3.0
2.0
3.0
5.0
4.0
3.0
3.0
4.0
3.0
6.0
4.0
3.0
3.0
3.0
5.0
3.0
5.0
2.0
2.0
3.0
1.0
3.0
4.0
4.0
3.0
3.0
3.0
5.0
5.0
4.0
5.0
3.0
3.0
3.0
2.0
3.0
4.0
3.0
4.0
4.0
3.0
2.0
4.0
3.0
3.0
4.0
3.0
3.0
4.0
3.0
3.0
4.0
3.0
3.0
4.0
3.0
3.0
4.0
3.0
4.0
3.0
4.0
3.0
4.0
4.0
3.0
4.0
3.0
2.0
3.0
2.0
3.0
4.0
3.0
2.0
3.0
4.0
4.0
2.0
3.0
1.0
3.0
4.0
2.0
3.0
3.0
3.0
2.0
4.0
4.0
3.0
4.0
2.0
4.0
4.0
3.0
6.0
3.0
3.0
3.0
3.0
5.0
5.0
3.0
3.0
5.0
3.0
2.0
5.0
3.0
3.0
3.0
3.0
3.0
3.0
5.0
3.0
4.0
3.0
3.0
2.0
4.0
3.0
3.0
3.0
2.0
5.0
1.0
4.0
4.0
3.0
3.0
1.0
3.0
4.0
2.0
4.0
4.0
3.0
2.0
2.0
3.0
2.0
3.0
4.0
3.0
3.0
3.0
4.0
3.0
3.0
2.0
3.0
3.0
2.0
3.0
4.0
4.0
2.0
2.0
4.0
3.0
4.0
3.0
4.0
4.0
2.0
3.0
3.0
2.0
3.0
3.0
1.0
3.0
3.0
3.0
3.0
3.0
2.0
3.0
3.0
3.0
3.0
3.0
3.0
2.0
2.0
3.0
2.0
3.0
3.0
3.0
2.0
3.0
4.0
3.0
3.0
4.0
3.0
5.0
3.0
4.0
3.0
4.0
4.0
2.0
4.0
3.0
1.0
1.0
5.0
5.0
3.0
3.0
3.0
3.0
3.0
3.0
3.0
3.0
4.0
2.0
3.0
3.0
3.0
3.0
4.0
3.0
1.0
3.0
3.0
3.0
3.0
2.0
3.0
3.0
3.0
3.0
3.0
3.0
3.0
3.0
3.0
4.0
2.0
3.0
4.0
3.0
3.0
2.0
3.0
2.0
3.0
3.0
4.0
3.0
2.0
3.0
2.0
3.0
4.0
3.0
3.0
3.0
3.0
3.0
3.0
3.0
3.0
4.0
3.0
1.0
3.0
4.0
3.0
4.0
2.0
2.0
3.0
3.0
3.0
4.0
3.0
4.0
2.0
3.0
3.0
3.0
3.0
4.0
4.0
3.0
3.0
3.0
3.0
4.0
4.0
3.0
3.0
3.0
4.0
3.0
3.0
3.0
3.0
4.0
2.0
3.0
2.0
3.0
3.0
3.0
1.0
2.0
3.0
2.0
4.0
3.0
1.0
2.0
3.0
3.0
3.0
5.0
2.0
3.0
2.0
3.0
3.0
3.0
3.0
2.0
2.0
3.0
3.0
3.0
5.0
3.0
3.0
3.0
3.0
4.0
3.0
2.0
3.0
4.0
3.0
3.0
3.0
1.0
3.0
4.0
2.0
3.0
1.0
3.0
3.0
3.0
4.0
3.0
3.0
3.0
3.0
4.0
2.0
3.0
5.0
4.0
3.0
6.0
3.0
4.0
3.0
3.0
3.0
3.0
3.0
3.0
1.0
3.0
3.0
3.0
3.0
3.0
3.0
3.0
1.0
2.0
3.0
3.0
3.0
3.0
3.0
2.0
4.0
3.0
4.0
3.0
3.0
3.0
3.0
2.0
3.0
3.0
4.0
3.0
4.0
3.0
3.0
3.0
3.0
5.0
3.0
2.0
2.0
3.0
1.0
3.0
2.0
3.0
3.0
2.0
3.0
4.0
3.0
3.0
3.0
2.0
3.0
3.0
3.0
2.0
3.0
3.0
4.0
3.0
1.0
3.0
2.0
3.0
5.0
3.0
3.0
3.0
3.0
4.0
3.0
3.0
3.0
4.0
3.0
4.0
4.0
3.0
3.0
5.0
3.0
3.0
3.0
3.0
3.0
4.0
4.0
3.0
5.0
1.0
3.0
3.0
3.0
3.0
4.0
3.0
4.0
3.0
3.0
3.0
3.0
3.0
3.0
3.0
3.0
4.0
3.0
3.0
3.0
2.0
2.0
6.0
3.0
3.0
5.0
3.0
3.0
3.0
2.0
2.0
3.0
2.0
3.0
3.0
2.0
3.0
3.0
3.0
3.0
4.0
3.0
3.0
3.0
3.0
3.0
3.0
3.0
3.0
3.0
3.0
3.0
3.0
4.0
2.0
3.0
4.0
5.0
4.0
4.0
3.0
3.0
3.0
3.0
3.0
3.0
3.0
3.0
3.0
3.0
4.0
3.0
3.0
3.0
3.0
4.0
6.0
4.0
2.0
2.0
2.0
4.0
4.0
4.0
3.0
3.0
3.0
3.0
2.0
3.0
4.0
5.0
3.0
2.0
5.0
3.0
3.0
3.0
2.0
4.0
4.0
4.0
2.0
3.0
4.0
3.0
3.0
3.0
2.0
5.0
3.0
3.0
3.0
4.0
3.0
4.0
3.0
3.0
3.0
4.0
4.0
2.0
3.0
4.0
3.0
3.0
3.0
3.0
4.0
3.0
3.0
3.0
4.0
3.0
3.0
3.0
4.0
4.0
3.0
3.0
2.0
2.0
3.0
3.0
3.0
3.0
1.0
3.0
3.0
2.0
3.0
6.0
3.0
1.0
3.0
2.0
3.0
2.0
5.0
4.0
4.0
2.0
3.0
3.0
3.0
3.0
3.0
2.0
4.0
3.0
4.0
3.0
3.0
3.0
3.0
2.0
2.0
4.0
3.0
2.0
3.0
3.0
5.0
3.0
3.0
3.0
1.0
2.0
4.0
3.0
2.0
3.0
3.0
3.0
2.0
3.0
3.0
4.0
3.0
2.0
3.0
3.0
3.0
3.0
3.0
3.0
3.0
3.0
3.0
2.0
5.0
3.0
3.0
3.0
3.0
4.0
2.0
4.0
2.0
3.0
3.0
3.0
4.0
3.0
2.0
3.0
3.0
4.0
3.0
3.0
3.0
3.0
4.0
2.0
3.0
3.0
2.0
4.0
1.0
3.0
3.0
3.0
3.0
3.0
1.0
4.0
3.0
5.0
5.0
3.0
3.0
3.0
5.0
4.0
2.0
3.0
3.0
1.0
3.0
2.0
3.0
4.0
3.0
3.0
3.0
3.0
2.0
3.0
3.0
3.0
3.0
3.0
3.0
3.0
2.0
3.0
2.0
3.0
3.0
4.0
3.0
2.0
3.0
3.0
4.0
2.0
2.0
2.0
3.0
4.0
2.0
3.0
2.0
3.0
3.0
3.0
4.0
3.0
4.0
3.0
2.0
3.0
5.0
2.0
4.0
3.0
3.0
3.0
1.0
2.0
3.0
3.0
3.0
3.0
3.0
3.0
3.0
4.0
2.0
3.0
2.0
3.0
4.0
3.0
4.0
3.0
3.0
3.0
2.0
3.0
3.0
3.0
3.0
3.0
3.0
4.0
5.0
5.0
2.0
2.0
3.0
2.0
3.0
3.0
4.0
3.0
3.0
2.0
3.0
3.0
3.0
2.0
2.0
3.0
3.0
3.0
4.0
3.0
2.0
3.0
3.0
4.0
4.0
3.0
4.0
3.0
3.0
2.0
4.0
3.0
3.0
3.0
3.0
4.0
5.0
3.0
1.0
4.0
3.0
4.0
3.0
3.0
3.0
3.0
3.0
3.0
4.0
2.0
3.0
4.0
4.0
3.0
3.0
3.0
4.0
4.0
3.0
4.0
3.0
3.0
3.0
3.0
3.0
3.0
3.0
3.0
2.0
2.0
3.0
4.0
4.0
3.0
2.0
3.0
3.0
2.0
5.0
2.0
2.0
4.0
3.0
3.0
3.0
4.0
2.0
3.0
3.0
3.0
3.0
3.0
4.0
3.0
3.0
2.0
2.0
3.0
3.0
3.0
2.0
3.0
4.0
3.0
3.0
3.0
3.0
4.0
3.0
3.0
3.0
2.0
3.0
3.0
3.0
3.0
3.0
3.0
4.0
2.0
4.0
4.0
2.0
4.0
3.0
2.0
5.0
3.0
3.0
4.0
2.0
3.0
3.0
3.0
4.0
3.0
3.0
3.0
3.0
4.0
3.0
3.0
3.0
3.0
4.0
3.0
3.0
4.0
1.0
3.0
4.0
2.0
2.0
3.0
2.0
3.0
3.0
4.0
4.0
2.0
2.0
3.0
4.0
2.0
2.0
3.0
3.0
3.0
1.0
3.0
3.0
2.0
3.0
3.0
3.0
2.0
4.0
4.0
3.0
3.0
3.0
2.0
3.0
2.0
5.0
4.0
3.0
4.0
7.0
3.0
4.0
2.0
1.0
4.0
3.0
4.0
3.0
5.0
3.0
3.0
3.0
3.0
3.0
3.0
2.0
3.0
2.0
3.0
4.0
4.0
2.0
2.0
4.0
2.0
2.0
2.0
3.0
3.0
3.0
3.0
1.0
3.0
3.0
3.0
3.0
3.0
3.0
4.0
2.0
3.0
3.0
3.0
3.0
3.0
3.0
3.0
3.0
4.0
4.0
3.0
3.0
3.0
3.0
3.0
2.0
3.0
3.0
3.0
3.0
3.0
3.0
3.0
2.0
3.0
4.0
4.0
4.0
4.0
3.0
2.0
2.0
3.0
2.0
4.0
5.0
3.0
3.0
3.0
3.0
4.0
3.0
3.0
4.0
3.0
3.0
3.0
3.0
3.0
3.0
3.0
3.0
3.0
3.0
2.0
3.0
4.0
2.0
3.0
2.0
3.0
3.0
1.0
2.0
3.0
3.0
4.0
3.0
3.0
3.0
3.0
4.0
6.0
2.0
3.0
3.0
4.0
3.0
3.0
3.0
3.0
2.0
3.0
3.0
3.0
3.0
3.0
4.0
5.0
3.0
2.0
2.0
4.0
5.0
1.0
3.0
3.0
3.0
3.0
3.0
3.0
4.0
3.0
4.0
3.0
3.0
3.0
4.0
3.0
5.0
3.0
4.0
2.0
5.0
3.0
3.0
4.0
3.0
3.0
3.0
3.0
3.0
4.0
1.0
4.0
3.0
5.0
3.0
3.0
3.0
4.0
3.0
3.0
3.0
2.0
3.0
1.0
3.0
3.0
4.0
3.0
3.0
3.0
2.0
2.0
3.0
3.0
3.0
2.0
3.0
4.0
2.0
3.0
2.0
3.0
3.0
3.0
2.0
3.0
3.0
4.0
2.0
3.0
4.0
2.0
0.0
3.0
3.0
3.0
2.0
4.0
2.0
4.0
3.0
3.0
3.0
4.0
3.0
3.0
4.0
3.0
2.0
4.0
3.0
3.0
3.0
3.0
2.0
1.0
3.0
3.0
3.0
3.0
3.0
3.0
1.0
2.0
2.0
4.0
4.0
3.0
2.0
3.0
3.0
3.0
2.0
3.0
1.0
3.0
3.0
3.0
3.0
3.0
2.0
3.0
3.0
3.0
4.0
4.0
4.0
3.0
3.0
3.0
4.0
4.0
4.0
3.0
3.0
3.0
4.0
5.0
4.0
4.0
3.0
3.0
3.0
3.0
3.0
4.0
3.0
4.0
4.0
3.0
2.0
4.0
3.0
3.0
3.0
3.0
4.0
3.0
4.0
3.0
4.0
4.0
3.0
3.0
4.0
4.0
4.0
3.0
3.0
1.0
2.0
1.0
4.0
4.0
3.0
4.0
2.0
3.0
3.0
3.0
4.0
3.0
3.0
3.0
3.0
3.0
1.0
3.0
3.0
3.0
3.0
4.0
4.0
3.0
3.0
3.0
4.0
4.0
3.0
2.0
3.0
3.0
2.0
3.0
3.0
4.0
2.0
3.0
3.0
4.0
1.0
2.0
3.0
3.0
2.0
3.0
3.0
3.0
4.0
3.0
4.0
4.0
5.0
3.0
1.0
5.0
4.0
3.0
2.0
4.0
3.0
3.0
2.0
3.0
2.0
2.0
4.0
2.0
2.0
5.0
3.0
3.0
2.0
3.0
3.0
3.0
2.0
2.0
3.0
4.0
3.0
3.0
3.0
3.0
5.0
3.0
2.0
3.0
3.0
3.0
3.0
3.0
3.0
3.0
3.0
5.0
3.0
4.0
3.0
3.0
5.0
2.0
1.0
3.0
4.0
3.0
3.0
3.0
2.0
3.0
3.0
3.0
3.0
4.0
3.0
5.0
4.0
2.0
3.0
4.0
3.0
3.0
2.0
1.0
3.0
2.0
5.0
3.0
3.0
4.0
3.0
